   0.000   0.071    0.4183E+00    0.5593E-02    0.5593E-02    0.6782E+03
   0.000   0.071    0.4184E+00    0.5596E-02    0.5596E-02    0.6782E+03
   0.020   0.073    0.4180E+00    0.5979E-02    0.5447E-02    0.6782E+03
   0.040   0.076    0.4176E+00    0.6382E-02    0.5268E-02    0.6782E+03
   0.060   0.078    0.4172E+00    0.6803E-02    0.5122E-02    0.6783E+03
   0.080   0.081    0.4168E+00    0.7247E-02    0.5011E-02    0.6785E+03
   0.100   0.083    0.4164E+00    0.7699E-02    0.4914E-02    0.6786E+03
   0.120   0.086    0.4160E+00    0.8182E-02    0.4854E-02    0.6789E+03
   0.140   0.088    0.4155E+00    0.8671E-02    0.4803E-02    0.6791E+03
   0.160   0.091    0.4151E+00    0.9181E-02    0.4777E-02    0.6795E+03
   0.180   0.093    0.4147E+00    0.9712E-02    0.4776E-02    0.6798E+03
   0.200   0.096    0.4142E+00    0.1025E-01    0.4788E-02    0.6802E+03
   0.220   0.098    0.4137E+00    0.1082E-01    0.4824E-02    0.6807E+03
   0.240   0.101    0.4132E+00    0.1139E-01    0.4867E-02    0.6812E+03
   0.260   0.103    0.4128E+00    0.1199E-01    0.4942E-02    0.6817E+03
   0.280   0.106    0.4123E+00    0.1258E-01    0.5024E-02    0.6822E+03
   0.300   0.108    0.4118E+00    0.1320E-01    0.5113E-02    0.6828E+03
   0.320   0.111    0.4113E+00    0.1384E-01    0.5217E-02    0.6834E+03
   0.340   0.113    0.4107E+00    0.1447E-01    0.5329E-02    0.6840E+03
   0.360   0.116    0.4103E+00    0.1519E-01    0.5567E-02    0.6846E+03
   0.380   0.118    0.4097E+00    0.1581E-01    0.5677E-02    0.6853E+03
   0.400   0.120    0.4091E+00    0.1646E-01    0.5865E-02    0.6859E+03
   0.420   0.123    0.4086E+00    0.1718E-01    0.6012E-02    0.6866E+03
   0.440   0.125    0.4080E+00    0.1788E-01    0.6218E-02    0.6872E+03
   0.460   0.128    0.4075E+00    0.1865E-01    0.6416E-02    0.6879E+03
   0.480   0.130    0.4068E+00    0.1932E-01    0.6649E-02    0.6885E+03
   0.500   0.132    0.4062E+00    0.2003E-01    0.6863E-02    0.6892E+03
   0.520   0.135    0.4056E+00    0.2083E-01    0.7169E-02    0.6899E+03
   0.540   0.137    0.4050E+00    0.2153E-01    0.7404E-02    0.6905E+03
   0.560   0.139    0.4043E+00    0.2229E-01    0.7743E-02    0.6912E+03
   0.580   0.142    0.4037E+00    0.2305E-01    0.8004E-02    0.6918E+03
   0.600   0.144    0.4030E+00    0.2382E-01    0.8285E-02    0.6925E+03
   0.620   0.146    0.4024E+00    0.2460E-01    0.8569E-02    0.6931E+03
   0.640   0.148    0.4017E+00    0.2538E-01    0.8873E-02    0.6938E+03
   0.660   0.151    0.4010E+00    0.2617E-01    0.9180E-02    0.6944E+03
   0.680   0.153    0.4003E+00    0.2695E-01    0.9483E-02    0.6950E+03
   0.700   0.155    0.3996E+00    0.2776E-01    0.9853E-02    0.6956E+03
   0.720   0.157    0.3989E+00    0.2854E-01    0.1020E-01    0.6962E+03
   0.740   0.159    0.3983E+00    0.2933E-01    0.1058E-01    0.6968E+03
   0.760   0.162    0.3975E+00    0.3017E-01    0.1090E-01    0.6974E+03
   0.780   0.164    0.3967E+00    0.3096E-01    0.1132E-01    0.6980E+03
   0.800   0.166    0.3960E+00    0.3181E-01    0.1170E-01    0.6986E+03
   0.820   0.168    0.3952E+00    0.3253E-01    0.1209E-01    0.6991E+03
   0.840   0.170    0.3945E+00    0.3348E-01    0.1253E-01    0.6997E+03
   0.860   0.172    0.3937E+00    0.3423E-01    0.1295E-01    0.7002E+03
   0.880   0.174    0.3929E+00    0.3499E-01    0.1340E-01    0.7008E+03
   0.900   0.176    0.3921E+00    0.3594E-01    0.1382E-01    0.7013E+03
   0.920   0.178    0.3914E+00    0.3669E-01    0.1422E-01    0.7018E+03
   0.940   0.180    0.3905E+00    0.3753E-01    0.1464E-01    0.7023E+03
   0.960   0.182    0.3898E+00    0.3834E-01    0.1510E-01    0.7028E+03
   0.980   0.184    0.3889E+00    0.3914E-01    0.1554E-01    0.7033E+03
   1.000   0.186    0.3881E+00    0.4000E-01    0.1601E-01    0.7038E+03
   1.020   0.188    0.3871E+00    0.4080E-01    0.1645E-01    0.7043E+03
   1.040   0.190    0.3864E+00    0.4161E-01    0.1691E-01    0.7047E+03
   1.060   0.192    0.3856E+00    0.4245E-01    0.1743E-01    0.7052E+03
   1.080   0.194    0.3847E+00    0.4326E-01    0.1795E-01    0.7056E+03
   1.100   0.196    0.3838E+00    0.4404E-01    0.1844E-01    0.7060E+03
   1.120   0.198    0.3830E+00    0.4493E-01    0.1894E-01    0.7065E+03
   1.140   0.200    0.3816E+00    0.4562E-01    0.1973E-01    0.7069E+03
   1.160   0.202    0.3802E+00    0.4642E-01    0.1992E-01    0.7073E+03
   1.180   0.204    0.3792E+00    0.4707E-01    0.2046E-01    0.7077E+03
   1.200   0.205    0.3781E+00    0.4806E-01    0.2094E-01    0.7081E+03
   1.220   0.207    0.3772E+00    0.4890E-01    0.2143E-01    0.7085E+03
   1.240   0.209    0.3763E+00    0.4973E-01    0.2195E-01    0.7088E+03
   1.260   0.211    0.3753E+00    0.5056E-01    0.2248E-01    0.7092E+03
   1.280   0.213    0.3744E+00    0.5137E-01    0.2303E-01    0.7096E+03
   1.300   0.215    0.3734E+00    0.5218E-01    0.2356E-01    0.7099E+03
   1.320   0.216    0.3724E+00    0.5300E-01    0.2412E-01    0.7103E+03
   1.340   0.218    0.3715E+00    0.5380E-01    0.2467E-01    0.7106E+03
   1.360   0.220    0.3705E+00    0.5460E-01    0.2522E-01    0.7109E+03
   1.380   0.222    0.3695E+00    0.5542E-01    0.2578E-01    0.7113E+03
   1.400   0.223    0.3685E+00    0.5623E-01    0.2633E-01    0.7116E+03
   1.420   0.225    0.3675E+00    0.5704E-01    0.2691E-01    0.7119E+03
   1.440   0.227    0.3665E+00    0.5783E-01    0.2746E-01    0.7122E+03
   1.460   0.229    0.3655E+00    0.5864E-01    0.2803E-01    0.7125E+03
   1.480   0.230    0.3644E+00    0.5945E-01    0.2861E-01    0.7128E+03
   1.500   0.232    0.3634E+00    0.6025E-01    0.2918E-01    0.7131E+03
   1.520   0.234    0.3624E+00    0.6104E-01    0.2975E-01    0.7134E+03
   1.540   0.236    0.3613E+00    0.6184E-01    0.3035E-01    0.7136E+03
   1.560   0.237    0.3603E+00    0.6262E-01    0.3092E-01    0.7139E+03
   1.580   0.239    0.3592E+00    0.6342E-01    0.3155E-01    0.7142E+03
   1.600   0.241    0.3580E+00    0.6419E-01    0.3215E-01    0.7144E+03
   1.620   0.242    0.3569E+00    0.6496E-01    0.3275E-01    0.7147E+03
   1.640   0.244    0.3557E+00    0.6576E-01    0.3334E-01    0.7149E+03
   1.660   0.246    0.3546E+00    0.6655E-01    0.3395E-01    0.7152E+03
   1.680   0.247    0.3536E+00    0.6733E-01    0.3457E-01    0.7154E+03
   1.700   0.249    0.3524E+00    0.6808E-01    0.3517E-01    0.7156E+03
   1.720   0.250    0.3513E+00    0.6889E-01    0.3579E-01    0.7159E+03
   1.740   0.252    0.3501E+00    0.6959E-01    0.3641E-01    0.7161E+03
   1.760   0.254    0.3491E+00    0.7044E-01    0.3702E-01    0.7163E+03
   1.780   0.255    0.3478E+00    0.7097E-01    0.3779E-01    0.7165E+03
   1.800   0.257    0.3467E+00    0.7179E-01    0.3816E-01    0.7167E+03
   1.820   0.258    0.3451E+00    0.7245E-01    0.3883E-01    0.7169E+03
   1.840   0.260    0.3439E+00    0.7334E-01    0.3946E-01    0.7171E+03
   1.860   0.262    0.3427E+00    0.7410E-01    0.4007E-01    0.7173E+03
   1.880   0.263    0.3416E+00    0.7485E-01    0.4069E-01    0.7175E+03
   1.900   0.265    0.3404E+00    0.7561E-01    0.4132E-01    0.7177E+03
   1.920   0.266    0.3392E+00    0.7636E-01    0.4195E-01    0.7179E+03
   1.940   0.268    0.3380E+00    0.7712E-01    0.4258E-01    0.7181E+03
   1.960   0.269    0.3368E+00    0.7787E-01    0.4321E-01    0.7183E+03
   1.980   0.271    0.3357E+00    0.7861E-01    0.4384E-01    0.7184E+03
   2.000   0.273    0.3345E+00    0.7936E-01    0.4448E-01    0.7186E+03
   2.020   0.274    0.3333E+00    0.8010E-01    0.4512E-01    0.7188E+03
   2.040   0.276    0.3321E+00    0.8088E-01    0.4574E-01    0.7189E+03
   2.060   0.277    0.3309E+00    0.8162E-01    0.4637E-01    0.7191E+03
   2.080   0.279    0.3297E+00    0.8236E-01    0.4703E-01    0.7193E+03
   2.100   0.280    0.3284E+00    0.8309E-01    0.4767E-01    0.7194E+03
   2.120   0.282    0.3272E+00    0.8382E-01    0.4832E-01    0.7196E+03
   2.140   0.283    0.3259E+00    0.8452E-01    0.4898E-01    0.7197E+03
   2.160   0.285    0.3247E+00    0.8525E-01    0.4962E-01    0.7199E+03
   2.180   0.286    0.3235E+00    0.8582E-01    0.5033E-01    0.7200E+03
   2.200   0.288    0.3223E+00    0.8663E-01    0.5096E-01    0.7201E+03
   2.220   0.289    0.3209E+00    0.8717E-01    0.5163E-01    0.7203E+03
   2.240   0.291    0.3196E+00    0.8800E-01    0.5229E-01    0.7204E+03
   2.260   0.292    0.3183E+00    0.8869E-01    0.5293E-01    0.7205E+03
   2.280   0.293    0.3170E+00    0.8936E-01    0.5359E-01    0.7207E+03
   2.300   0.295    0.3157E+00    0.9006E-01    0.5425E-01    0.7208E+03
   2.320   0.296    0.3145E+00    0.9081E-01    0.5488E-01    0.7209E+03
   2.340   0.298    0.3132E+00    0.9151E-01    0.5552E-01    0.7210E+03
   2.360   0.299    0.3119E+00    0.9221E-01    0.5618E-01    0.7212E+03
   2.380   0.301    0.3106E+00    0.9290E-01    0.5683E-01    0.7213E+03
   2.400   0.302    0.3093E+00    0.9359E-01    0.5748E-01    0.7214E+03
   2.420   0.304    0.3080E+00    0.9429E-01    0.5813E-01    0.7215E+03
   2.440   0.305    0.3067E+00    0.9498E-01    0.5878E-01    0.7216E+03
   2.460   0.306    0.3054E+00    0.9566E-01    0.5943E-01    0.7217E+03
   2.480   0.308    0.3041E+00    0.9634E-01    0.6009E-01    0.7218E+03
   2.500   0.309    0.3028E+00    0.9701E-01    0.6075E-01    0.7219E+03
   2.520   0.311    0.3015E+00    0.9768E-01    0.6140E-01    0.7220E+03
   2.540   0.312    0.3002E+00    0.9835E-01    0.6205E-01    0.7221E+03
   2.560   0.313    0.2989E+00    0.9901E-01    0.6270E-01    0.7222E+03
   2.580   0.315    0.2976E+00    0.9968E-01    0.6335E-01    0.7223E+03
   2.600   0.316    0.2962E+00    0.1003E+00    0.6400E-01    0.7224E+03
   2.620   0.317    0.2949E+00    0.1010E+00    0.6465E-01    0.7225E+03
   2.640   0.319    0.2936E+00    0.1016E+00    0.6530E-01    0.7226E+03
   2.660   0.320    0.2922E+00    0.1023E+00    0.6595E-01    0.7227E+03
   2.680   0.322    0.2909E+00    0.1029E+00    0.6660E-01    0.7228E+03
   2.700   0.323    0.2896E+00    0.1036E+00    0.6724E-01    0.7228E+03
   2.720   0.324    0.2882E+00    0.1042E+00    0.6789E-01    0.7229E+03
   2.740   0.326    0.2869E+00    0.1049E+00    0.6854E-01    0.7230E+03
   2.760   0.327    0.2855E+00    0.1055E+00    0.6917E-01    0.7231E+03
   2.780   0.328    0.2842E+00    0.1062E+00    0.6985E-01    0.7232E+03
   2.800   0.330    0.2828E+00    0.1068E+00    0.7044E-01    0.7232E+03
   2.820   0.331    0.2814E+00    0.1075E+00    0.7110E-01    0.7233E+03
   2.840   0.332    0.2801E+00    0.1081E+00    0.7174E-01    0.7234E+03
   2.860   0.334    0.2788E+00    0.1087E+00    0.7238E-01    0.7235E+03
   2.880   0.335    0.2774E+00    0.1093E+00    0.7302E-01    0.7235E+03
   2.900   0.336    0.2760E+00    0.1099E+00    0.7367E-01    0.7236E+03
   2.920   0.338    0.2747E+00    0.1105E+00    0.7431E-01    0.7237E+03
   2.940   0.339    0.2733E+00    0.1111E+00    0.7495E-01    0.7237E+03
   2.960   0.340    0.2719E+00    0.1117E+00    0.7559E-01    0.7238E+03
   2.980   0.341    0.2706E+00    0.1123E+00    0.7622E-01    0.7239E+03
   3.000   0.343    0.2692E+00    0.1129E+00    0.7686E-01    0.7239E+03
   3.020   0.344    0.2678E+00    0.1135E+00    0.7750E-01    0.7240E+03
   3.040   0.345    0.2664E+00    0.1141E+00    0.7813E-01    0.7240E+03
   3.060   0.347    0.2651E+00    0.1147E+00    0.7877E-01    0.7241E+03
   3.080   0.348    0.2637E+00    0.1153E+00    0.7940E-01    0.7242E+03
   3.100   0.349    0.2623E+00    0.1159E+00    0.8003E-01    0.7242E+03
   3.120   0.350    0.2609E+00    0.1165E+00    0.8066E-01    0.7243E+03
   3.140   0.352    0.2595E+00    0.1171E+00    0.8129E-01    0.7243E+03
   3.160   0.353    0.2581E+00    0.1176E+00    0.8192E-01    0.7244E+03
   3.180   0.354    0.2567E+00    0.1182E+00    0.8255E-01    0.7244E+03
   3.200   0.355    0.2553E+00    0.1188E+00    0.8317E-01    0.7245E+03
   3.220   0.357    0.2539E+00    0.1194E+00    0.8380E-01    0.7245E+03
   3.240   0.358    0.2526E+00    0.1199E+00    0.8442E-01    0.7246E+03
   3.260   0.359    0.2512E+00    0.1205E+00    0.8505E-01    0.7246E+03
   3.280   0.360    0.2498E+00    0.1211E+00    0.8567E-01    0.7247E+03
   3.300   0.362    0.2484E+00    0.1216E+00    0.8629E-01    0.7247E+03
   3.320   0.363    0.2470E+00    0.1222E+00    0.8691E-01    0.7248E+03
   3.340   0.364    0.2456E+00    0.1227E+00    0.8752E-01    0.7248E+03
   3.360   0.365    0.2442E+00    0.1233E+00    0.8814E-01    0.7249E+03
   3.380   0.366    0.2428E+00    0.1238E+00    0.8876E-01    0.7249E+03
   3.400   0.368    0.2414E+00    0.1244E+00    0.8937E-01    0.7249E+03
   3.420   0.369    0.2400E+00    0.1249E+00    0.8998E-01    0.7250E+03
   3.440   0.370    0.2386E+00    0.1255E+00    0.9059E-01    0.7250E+03
   3.460   0.371    0.2372E+00    0.1260E+00    0.9120E-01    0.7251E+03
   3.480   0.372    0.2358E+00    0.1265E+00    0.9181E-01    0.7251E+03
   3.500   0.374    0.2344E+00    0.1271E+00    0.9242E-01    0.7251E+03
   3.520   0.375    0.2329E+00    0.1276E+00    0.9303E-01    0.7252E+03
   3.540   0.376    0.2315E+00    0.1281E+00    0.9363E-01    0.7252E+03
   3.560   0.377    0.2301E+00    0.1287E+00    0.9423E-01    0.7252E+03
   3.580   0.378    0.2287E+00    0.1292E+00    0.9484E-01    0.7253E+03
   3.600   0.380    0.2273E+00    0.1297E+00    0.9544E-01    0.7253E+03
   3.620   0.381    0.2259E+00    0.1302E+00    0.9604E-01    0.7253E+03
   3.640   0.382    0.2245E+00    0.1308E+00    0.9663E-01    0.7254E+03
   3.660   0.383    0.2231E+00    0.1313E+00    0.9723E-01    0.7254E+03
   3.680   0.384    0.2217E+00    0.1318E+00    0.9783E-01    0.7254E+03
   3.700   0.385    0.2203E+00    0.1323E+00    0.9842E-01    0.7255E+03
   3.720   0.386    0.2189E+00    0.1328E+00    0.9901E-01    0.7255E+03
   3.740   0.388    0.2175E+00    0.1333E+00    0.9960E-01    0.7255E+03
   3.760   0.389    0.2161E+00    0.1338E+00    0.1002E+00    0.7256E+03
   3.780   0.390    0.2147E+00    0.1343E+00    0.1008E+00    0.7256E+03
   3.800   0.391    0.2133E+00    0.1348E+00    0.1014E+00    0.7256E+03
   3.820   0.392    0.2119E+00    0.1353E+00    0.1020E+00    0.7256E+03
   3.840   0.393    0.2105E+00    0.1358E+00    0.1025E+00    0.7257E+03
   3.860   0.394    0.2090E+00    0.1363E+00    0.1031E+00    0.7257E+03
   3.880   0.396    0.2076E+00    0.1368E+00    0.1037E+00    0.7257E+03
   3.900   0.397    0.2062E+00    0.1373E+00    0.1043E+00    0.7257E+03
   3.920   0.398    0.2048E+00    0.1378E+00    0.1049E+00    0.7258E+03
   3.940   0.399    0.2034E+00    0.1383E+00    0.1054E+00    0.7258E+03
   3.960   0.400    0.2020E+00    0.1388E+00    0.1060E+00    0.7258E+03
   3.980   0.401    0.2006E+00    0.1393E+00    0.1066E+00    0.7258E+03
   4.000   0.402    0.1992E+00    0.1397E+00    0.1072E+00    0.7259E+03
   4.020   0.403    0.1978E+00    0.1402E+00    0.1077E+00    0.7259E+03
   4.040   0.404    0.1964E+00    0.1407E+00    0.1083E+00    0.7259E+03
   4.060   0.405    0.1950E+00    0.1412E+00    0.1089E+00    0.7259E+03
   4.080   0.406    0.1936E+00    0.1417E+00    0.1094E+00    0.7259E+03
   4.100   0.408    0.1922E+00    0.1421E+00    0.1100E+00    0.7260E+03
   4.120   0.409    0.1908E+00    0.1426E+00    0.1106E+00    0.7260E+03
   4.140   0.410    0.1893E+00    0.1431E+00    0.1111E+00    0.7260E+03
   4.160   0.411    0.1879E+00    0.1435E+00    0.1117E+00    0.7260E+03
   4.180   0.412    0.1865E+00    0.1440E+00    0.1123E+00    0.7260E+03
   4.200   0.413    0.1851E+00    0.1445E+00    0.1128E+00    0.7260E+03
   4.220   0.414    0.1837E+00    0.1449E+00    0.1134E+00    0.7261E+03
   4.240   0.415    0.1823E+00    0.1454E+00    0.1139E+00    0.7261E+03
   4.260   0.416    0.1809E+00    0.1459E+00    0.1145E+00    0.7261E+03
   4.280   0.417    0.1795E+00    0.1463E+00    0.1150E+00    0.7261E+03
   4.300   0.418    0.1781E+00    0.1468E+00    0.1156E+00    0.7261E+03
   4.320   0.419    0.1767E+00    0.1472E+00    0.1161E+00    0.7261E+03
   4.340   0.420    0.1753E+00    0.1477E+00    0.1167E+00    0.7262E+03
   4.360   0.421    0.1739E+00    0.1481E+00    0.1172E+00    0.7262E+03
   4.380   0.422    0.1725E+00    0.1486E+00    0.1178E+00    0.7262E+03
   4.400   0.423    0.1711E+00    0.1490E+00    0.1183E+00    0.7262E+03
   4.420   0.424    0.1697E+00    0.1495E+00    0.1189E+00    0.7262E+03
   4.440   0.425    0.1682E+00    0.1499E+00    0.1194E+00    0.7262E+03
   4.460   0.426    0.1668E+00    0.1504E+00    0.1200E+00    0.7262E+03
   4.480   0.427    0.1654E+00    0.1508E+00    0.1205E+00    0.7262E+03
   4.500   0.428    0.1640E+00    0.1513E+00    0.1211E+00    0.7263E+03
   4.520   0.429    0.1626E+00    0.1517E+00    0.1216E+00    0.7263E+03
   4.540   0.430    0.1612E+00    0.1521E+00    0.1221E+00    0.7263E+03
   4.560   0.431    0.1598E+00    0.1526E+00    0.1227E+00    0.7263E+03
   4.580   0.432    0.1584E+00    0.1530E+00    0.1232E+00    0.7263E+03
   4.600   0.433    0.1570E+00    0.1535E+00    0.1237E+00    0.7263E+03
   4.620   0.434    0.1556E+00    0.1539E+00    0.1243E+00    0.7263E+03
   4.640   0.435    0.1542E+00    0.1543E+00    0.1248E+00    0.7263E+03
   4.660   0.436    0.1528E+00    0.1547E+00    0.1253E+00    0.7263E+03
   4.680   0.437    0.1514E+00    0.1552E+00    0.1259E+00    0.7263E+03
   4.700   0.438    0.1500E+00    0.1556E+00    0.1264E+00    0.7263E+03
   4.720   0.439    0.1486E+00    0.1560E+00    0.1269E+00    0.7263E+03
   4.740   0.440    0.1472E+00    0.1565E+00    0.1274E+00    0.7264E+03
   4.760   0.441    0.1458E+00    0.1569E+00    0.1280E+00    0.7264E+03
   4.780   0.442    0.1444E+00    0.1573E+00    0.1285E+00    0.7264E+03
   4.800   0.443    0.1430E+00    0.1577E+00    0.1290E+00    0.7264E+03
   4.820   0.444    0.1416E+00    0.1581E+00    0.1295E+00    0.7264E+03
   4.840   0.445    0.1402E+00    0.1586E+00    0.1300E+00    0.7264E+03
   4.860   0.445    0.1388E+00    0.1590E+00    0.1306E+00    0.7264E+03
   4.880   0.446    0.1374E+00    0.1594E+00    0.1311E+00    0.7264E+03
   4.900   0.447    0.1360E+00    0.1598E+00    0.1316E+00    0.7264E+03
   4.920   0.448    0.1346E+00    0.1602E+00    0.1321E+00    0.7264E+03
   4.940   0.449    0.1332E+00    0.1606E+00    0.1326E+00    0.7264E+03
   4.960   0.450    0.1318E+00    0.1610E+00    0.1331E+00    0.7264E+03
   4.980   0.451    0.1304E+00    0.1614E+00    0.1336E+00    0.7264E+03
   5.000   0.452    0.1290E+00    0.1619E+00    0.1341E+00    0.7264E+03
   5.020   0.453    0.1276E+00    0.1623E+00    0.1346E+00    0.7264E+03
   5.040   0.454    0.1262E+00    0.1627E+00    0.1351E+00    0.7264E+03
   5.060   0.455    0.1248E+00    0.1631E+00    0.1356E+00    0.7264E+03
   5.080   0.455    0.1234E+00    0.1635E+00    0.1361E+00    0.7264E+03
   5.100   0.456    0.1220E+00    0.1639E+00    0.1366E+00    0.7264E+03
   5.120   0.457    0.1206E+00    0.1643E+00    0.1371E+00    0.7264E+03
   5.140   0.458    0.1192E+00    0.1646E+00    0.1376E+00    0.7264E+03
   5.160   0.459    0.1178E+00    0.1650E+00    0.1381E+00    0.7265E+03
   5.180   0.460    0.1164E+00    0.1654E+00    0.1386E+00    0.7265E+03
   5.200   0.461    0.1150E+00    0.1658E+00    0.1391E+00    0.7265E+03
   5.220   0.462    0.1136E+00    0.1662E+00    0.1396E+00    0.7265E+03
   5.240   0.462    0.1122E+00    0.1666E+00    0.1401E+00    0.7265E+03
   5.260   0.463    0.1108E+00    0.1670E+00    0.1406E+00    0.7265E+03
   5.280   0.464    0.1094E+00    0.1674E+00    0.1410E+00    0.7265E+03
   5.300   0.465    0.1080E+00    0.1677E+00    0.1415E+00    0.7265E+03
   5.320   0.466    0.1066E+00    0.1681E+00    0.1420E+00    0.7265E+03
   5.340   0.467    0.1052E+00    0.1685E+00    0.1425E+00    0.7265E+03
   5.360   0.467    0.1039E+00    0.1689E+00    0.1430E+00    0.7265E+03
   5.380   0.468    0.1025E+00    0.1693E+00    0.1434E+00    0.7265E+03
   5.400   0.469    0.1011E+00    0.1696E+00    0.1439E+00    0.7265E+03
   5.420   0.470    0.9968E-01    0.1700E+00    0.1444E+00    0.7265E+03
   5.440   0.471    0.9830E-01    0.1704E+00    0.1448E+00    0.7265E+03
   5.460   0.472    0.9691E-01    0.1707E+00    0.1453E+00    0.7265E+03
   5.480   0.472    0.9552E-01    0.1711E+00    0.1458E+00    0.7265E+03
   5.500   0.473    0.9413E-01    0.1715E+00    0.1462E+00    0.7265E+03
   5.520   0.474    0.9275E-01    0.1718E+00    0.1467E+00    0.7265E+03
   5.540   0.475    0.9136E-01    0.1722E+00    0.1471E+00    0.7265E+03
   5.560   0.476    0.8997E-01    0.1725E+00    0.1476E+00    0.7265E+03
   5.580   0.476    0.8859E-01    0.1729E+00    0.1480E+00    0.7265E+03
   5.600   0.477    0.8721E-01    0.1732E+00    0.1485E+00    0.7265E+03
   5.620   0.478    0.8583E-01    0.1736E+00    0.1489E+00    0.7265E+03
   5.640   0.479    0.8444E-01    0.1739E+00    0.1494E+00    0.7265E+03
   5.660   0.480    0.8306E-01    0.1743E+00    0.1498E+00    0.7265E+03
