   0.000   0.000E+00   0.000E+00   0.000E+00   0.000E+00   0.000E+00   0.000E+00   0.000E+00
   0.000   0.000E+00   0.000E+00   0.000E+00   0.000E+00   0.000E+00   0.000E+00   0.000E+00
   0.020  -0.107E-02   0.149E-05   0.345E-05   0.142E-04   0.535E-03   0.535E-03  -0.262E-05
   0.040  -0.202E-02   0.296E-05   0.743E-05   0.276E-04   0.101E-02   0.101E-02  -0.736E-05
   0.060  -0.288E-02   0.446E-05   0.121E-04   0.404E-04   0.144E-02   0.144E-02  -0.124E-04
   0.080  -0.365E-02   0.602E-05   0.173E-04   0.528E-04   0.183E-02   0.183E-02  -0.175E-04
   0.100  -0.434E-02   0.762E-05   0.231E-04   0.647E-04   0.217E-02   0.217E-02  -0.227E-04
   0.120  -0.495E-02   0.926E-05   0.292E-04   0.762E-04   0.248E-02   0.248E-02  -0.281E-04
   0.140  -0.550E-02   0.109E-04   0.356E-04   0.872E-04   0.275E-02   0.276E-02  -0.337E-04
   0.160  -0.600E-02   0.127E-04   0.423E-04   0.978E-04   0.300E-02   0.301E-02  -0.393E-04
   0.180  -0.644E-02   0.144E-04   0.491E-04   0.108E-03   0.322E-02   0.323E-02  -0.451E-04
   0.200  -0.683E-02   0.162E-04   0.561E-04   0.118E-03   0.342E-02   0.343E-02  -0.510E-04
   0.220  -0.718E-02   0.180E-04   0.631E-04   0.127E-03   0.359E-02   0.360E-02  -0.569E-04
   0.240  -0.749E-02   0.198E-04   0.701E-04   0.136E-03   0.375E-02   0.376E-02  -0.630E-04
   0.260  -0.776E-02   0.216E-04   0.771E-04   0.145E-03   0.388E-02   0.390E-02  -0.691E-04
   0.280  -0.801E-02   0.235E-04   0.840E-04   0.153E-03   0.400E-02   0.402E-02  -0.753E-04
   0.300  -0.822E-02   0.254E-04   0.909E-04   0.161E-03   0.411E-02   0.413E-02  -0.816E-04
   0.320  -0.841E-02   0.272E-04   0.977E-04   0.169E-03   0.421E-02   0.423E-02  -0.879E-04
   0.340  -0.858E-02   0.291E-04   0.104E-03   0.176E-03   0.429E-02   0.432E-02  -0.942E-04
   0.360  -0.872E-02   0.310E-04   0.111E-03   0.183E-03   0.436E-02   0.439E-02  -0.101E-03
   0.380  -0.885E-02   0.328E-04   0.117E-03   0.189E-03   0.442E-02   0.446E-02  -0.107E-03
   0.400  -0.895E-02   0.347E-04   0.123E-03   0.196E-03   0.447E-02   0.451E-02  -0.114E-03
   0.420  -0.904E-02   0.366E-04   0.129E-03   0.202E-03   0.452E-02   0.456E-02  -0.120E-03
   0.440  -0.912E-02   0.383E-04   0.135E-03   0.207E-03   0.455E-02   0.460E-02  -0.127E-03
   0.460  -0.918E-02   0.401E-04   0.141E-03   0.213E-03   0.459E-02   0.464E-02  -0.133E-03
   0.480  -0.924E-02   0.419E-04   0.146E-03   0.218E-03   0.461E-02   0.466E-02  -0.140E-03
   0.500  -0.928E-02   0.436E-04   0.152E-03   0.223E-03   0.463E-02   0.469E-02  -0.146E-03
   0.520  -0.931E-02   0.454E-04   0.157E-03   0.227E-03   0.464E-02   0.471E-02  -0.153E-03
   0.540  -0.933E-02   0.470E-04   0.162E-03   0.232E-03   0.465E-02   0.472E-02  -0.159E-03
   0.560  -0.934E-02   0.487E-04   0.167E-03   0.236E-03   0.466E-02   0.473E-02  -0.166E-03
   0.580  -0.935E-02   0.504E-04   0.171E-03   0.240E-03   0.466E-02   0.473E-02  -0.172E-03
   0.600  -0.935E-02   0.519E-04   0.175E-03   0.244E-03   0.466E-02   0.474E-02  -0.179E-03
   0.620  -0.934E-02   0.534E-04   0.180E-03   0.247E-03   0.466E-02   0.474E-02  -0.186E-03
   0.640  -0.933E-02   0.549E-04   0.183E-03   0.250E-03   0.465E-02   0.473E-02  -0.192E-03
   0.660  -0.932E-02   0.564E-04   0.187E-03   0.254E-03   0.464E-02   0.473E-02  -0.199E-03
   0.680  -0.930E-02   0.578E-04   0.191E-03   0.256E-03   0.463E-02   0.472E-02  -0.205E-03
   0.700  -0.927E-02   0.592E-04   0.194E-03   0.259E-03   0.462E-02   0.471E-02  -0.211E-03
   0.720  -0.924E-02   0.605E-04   0.198E-03   0.262E-03   0.460E-02   0.470E-02  -0.218E-03
   0.740  -0.921E-02   0.617E-04   0.201E-03   0.264E-03   0.459E-02   0.469E-02  -0.224E-03
   0.760  -0.918E-02   0.630E-04   0.203E-03   0.266E-03   0.457E-02   0.467E-02  -0.231E-03
   0.780  -0.914E-02   0.641E-04   0.206E-03   0.268E-03   0.455E-02   0.465E-02  -0.237E-03
   0.800  -0.910E-02   0.652E-04   0.209E-03   0.270E-03   0.453E-02   0.464E-02  -0.243E-03
   0.820  -0.906E-02   0.663E-04   0.211E-03   0.272E-03   0.451E-02   0.462E-02  -0.249E-03
   0.840  -0.902E-02   0.673E-04   0.213E-03   0.273E-03   0.448E-02   0.460E-02  -0.256E-03
   0.860  -0.897E-02   0.683E-04   0.215E-03   0.275E-03   0.446E-02   0.458E-02  -0.262E-03
   0.880  -0.892E-02   0.692E-04   0.217E-03   0.276E-03   0.444E-02   0.456E-02  -0.268E-03
   0.900  -0.888E-02   0.701E-04   0.219E-03   0.277E-03   0.441E-02   0.453E-02  -0.274E-03
   0.920  -0.883E-02   0.709E-04   0.221E-03   0.278E-03   0.438E-02   0.451E-02  -0.280E-03
   0.940  -0.878E-02   0.716E-04   0.222E-03   0.279E-03   0.436E-02   0.449E-02  -0.286E-03
   0.960  -0.873E-02   0.723E-04   0.224E-03   0.280E-03   0.433E-02   0.447E-02  -0.292E-03
   0.980  -0.868E-02   0.730E-04   0.225E-03   0.281E-03   0.431E-02   0.444E-02  -0.298E-03
   1.000  -0.863E-02   0.736E-04   0.226E-03   0.281E-03   0.428E-02   0.442E-02  -0.304E-03
   1.020  -0.857E-02   0.742E-04   0.227E-03   0.282E-03   0.425E-02   0.439E-02  -0.309E-03
   1.040  -0.852E-02   0.746E-04   0.228E-03   0.282E-03   0.422E-02   0.437E-02  -0.315E-03
   1.060  -0.847E-02   0.751E-04   0.229E-03   0.282E-03   0.420E-02   0.434E-02  -0.321E-03
   1.080  -0.841E-02   0.755E-04   0.230E-03   0.282E-03   0.417E-02   0.432E-02  -0.326E-03
   1.100  -0.836E-02   0.759E-04   0.230E-03   0.282E-03   0.414E-02   0.429E-02  -0.332E-03
   1.120  -0.831E-02   0.763E-04   0.231E-03   0.282E-03   0.411E-02   0.427E-02  -0.337E-03
   1.140  -0.825E-02   0.764E-04   0.231E-03   0.282E-03   0.409E-02   0.424E-02  -0.343E-03
   1.160  -0.820E-02   0.767E-04   0.231E-03   0.282E-03   0.406E-02   0.421E-02  -0.348E-03
   1.180  -0.814E-02   0.769E-04   0.232E-03   0.282E-03   0.403E-02   0.419E-02  -0.353E-03
   1.200  -0.809E-02   0.770E-04   0.232E-03   0.281E-03   0.400E-02   0.416E-02  -0.358E-03
   1.220  -0.803E-02   0.770E-04   0.232E-03   0.281E-03   0.397E-02   0.414E-02  -0.363E-03
   1.240  -0.798E-02   0.770E-04   0.232E-03   0.280E-03   0.395E-02   0.411E-02  -0.368E-03
   1.260  -0.793E-02   0.770E-04   0.231E-03   0.280E-03   0.392E-02   0.408E-02  -0.373E-03
   1.280  -0.787E-02   0.769E-04   0.231E-03   0.279E-03   0.389E-02   0.406E-02  -0.378E-03
   1.300  -0.782E-02   0.768E-04   0.231E-03   0.278E-03   0.386E-02   0.403E-02  -0.383E-03
   1.320  -0.777E-02   0.766E-04   0.230E-03   0.277E-03   0.384E-02   0.401E-02  -0.388E-03
   1.340  -0.772E-02   0.763E-04   0.230E-03   0.276E-03   0.381E-02   0.398E-02  -0.393E-03
   1.360  -0.766E-02   0.761E-04   0.229E-03   0.276E-03   0.378E-02   0.396E-02  -0.397E-03
   1.380  -0.761E-02   0.758E-04   0.229E-03   0.274E-03   0.375E-02   0.393E-02  -0.402E-03
   1.400  -0.756E-02   0.754E-04   0.228E-03   0.273E-03   0.373E-02   0.390E-02  -0.406E-03
   1.420  -0.751E-02   0.750E-04   0.227E-03   0.272E-03   0.370E-02   0.388E-02  -0.411E-03
   1.440  -0.746E-02   0.745E-04   0.226E-03   0.271E-03   0.367E-02   0.385E-02  -0.415E-03
   1.460  -0.741E-02   0.741E-04   0.225E-03   0.270E-03   0.365E-02   0.383E-02  -0.420E-03
   1.480  -0.736E-02   0.736E-04   0.225E-03   0.269E-03   0.362E-02   0.380E-02  -0.424E-03
   1.500  -0.731E-02   0.730E-04   0.224E-03   0.267E-03   0.360E-02   0.378E-02  -0.428E-03
   1.520  -0.726E-02   0.724E-04   0.222E-03   0.266E-03   0.357E-02   0.375E-02  -0.432E-03
   1.540  -0.721E-02   0.718E-04   0.221E-03   0.264E-03   0.355E-02   0.373E-02  -0.436E-03
   1.560  -0.716E-02   0.711E-04   0.220E-03   0.263E-03   0.352E-02   0.371E-02  -0.440E-03
   1.580  -0.711E-02   0.704E-04   0.219E-03   0.261E-03   0.350E-02   0.368E-02  -0.444E-03
   1.600  -0.706E-02   0.696E-04   0.218E-03   0.260E-03   0.347E-02   0.366E-02  -0.448E-03
   1.620  -0.701E-02   0.688E-04   0.216E-03   0.258E-03   0.345E-02   0.363E-02  -0.451E-03
   1.640  -0.697E-02   0.680E-04   0.215E-03   0.257E-03   0.342E-02   0.361E-02  -0.455E-03
   1.660  -0.692E-02   0.672E-04   0.214E-03   0.255E-03   0.340E-02   0.359E-02  -0.459E-03
   1.680  -0.687E-02   0.663E-04   0.212E-03   0.253E-03   0.337E-02   0.356E-02  -0.462E-03
   1.700  -0.683E-02   0.654E-04   0.211E-03   0.251E-03   0.335E-02   0.354E-02  -0.466E-03
   1.720  -0.678E-02   0.644E-04   0.209E-03   0.250E-03   0.333E-02   0.352E-02  -0.469E-03
   1.740  -0.673E-02   0.634E-04   0.207E-03   0.248E-03   0.330E-02   0.349E-02  -0.472E-03
   1.760  -0.669E-02   0.624E-04   0.206E-03   0.246E-03   0.328E-02   0.347E-02  -0.476E-03
   1.780  -0.665E-02   0.614E-04   0.204E-03   0.244E-03   0.326E-02   0.345E-02  -0.479E-03
   1.800  -0.660E-02   0.603E-04   0.203E-03   0.242E-03   0.323E-02   0.343E-02  -0.482E-03
   1.820  -0.656E-02   0.592E-04   0.201E-03   0.240E-03   0.321E-02   0.340E-02  -0.485E-03
   1.840  -0.651E-02   0.581E-04   0.199E-03   0.238E-03   0.319E-02   0.338E-02  -0.488E-03
   1.860  -0.647E-02   0.569E-04   0.197E-03   0.236E-03   0.317E-02   0.336E-02  -0.491E-03
   1.880  -0.643E-02   0.557E-04   0.195E-03   0.234E-03   0.314E-02   0.334E-02  -0.494E-03
   1.900  -0.638E-02   0.545E-04   0.194E-03   0.232E-03   0.312E-02   0.332E-02  -0.496E-03
   1.920  -0.634E-02   0.532E-04   0.192E-03   0.230E-03   0.310E-02   0.329E-02  -0.499E-03
   1.940  -0.630E-02   0.520E-04   0.190E-03   0.228E-03   0.308E-02   0.327E-02  -0.502E-03
   1.960  -0.626E-02   0.506E-04   0.188E-03   0.226E-03   0.306E-02   0.325E-02  -0.504E-03
   1.980  -0.622E-02   0.493E-04   0.186E-03   0.224E-03   0.304E-02   0.323E-02  -0.507E-03
   2.000  -0.618E-02   0.480E-04   0.184E-03   0.222E-03   0.302E-02   0.321E-02  -0.509E-03
   2.020  -0.614E-02   0.467E-04   0.182E-03   0.219E-03   0.299E-02   0.319E-02  -0.512E-03
   2.040  -0.610E-02   0.453E-04   0.180E-03   0.217E-03   0.297E-02   0.317E-02  -0.514E-03
   2.060  -0.606E-02   0.439E-04   0.178E-03   0.215E-03   0.295E-02   0.315E-02  -0.516E-03
   2.080  -0.602E-02   0.425E-04   0.176E-03   0.213E-03   0.293E-02   0.313E-02  -0.518E-03
   2.100  -0.598E-02   0.411E-04   0.174E-03   0.211E-03   0.291E-02   0.311E-02  -0.520E-03
   2.120  -0.594E-02   0.396E-04   0.172E-03   0.208E-03   0.289E-02   0.309E-02  -0.522E-03
   2.140  -0.590E-02   0.381E-04   0.169E-03   0.206E-03   0.287E-02   0.307E-02  -0.524E-03
   2.160  -0.587E-02   0.366E-04   0.167E-03   0.204E-03   0.285E-02   0.305E-02  -0.526E-03
   2.180  -0.583E-02   0.350E-04   0.165E-03   0.202E-03   0.283E-02   0.303E-02  -0.528E-03
   2.200  -0.579E-02   0.335E-04   0.163E-03   0.199E-03   0.282E-02   0.301E-02  -0.530E-03
   2.220  -0.575E-02   0.320E-04   0.161E-03   0.197E-03   0.280E-02   0.299E-02  -0.532E-03
   2.240  -0.572E-02   0.304E-04   0.159E-03   0.195E-03   0.278E-02   0.297E-02  -0.533E-03
   2.260  -0.568E-02   0.288E-04   0.156E-03   0.192E-03   0.276E-02   0.295E-02  -0.535E-03
   2.280  -0.564E-02   0.273E-04   0.154E-03   0.190E-03   0.274E-02   0.293E-02  -0.536E-03
   2.300  -0.561E-02   0.256E-04   0.152E-03   0.188E-03   0.272E-02   0.291E-02  -0.538E-03
   2.320  -0.557E-02   0.240E-04   0.150E-03   0.185E-03   0.270E-02   0.289E-02  -0.539E-03
   2.340  -0.554E-02   0.224E-04   0.147E-03   0.183E-03   0.268E-02   0.288E-02  -0.541E-03
   2.360  -0.550E-02   0.207E-04   0.145E-03   0.181E-03   0.267E-02   0.286E-02  -0.542E-03
   2.380  -0.547E-02   0.191E-04   0.143E-03   0.178E-03   0.265E-02   0.284E-02  -0.543E-03
   2.400  -0.543E-02   0.174E-04   0.140E-03   0.176E-03   0.263E-02   0.282E-02  -0.545E-03
   2.420  -0.540E-02   0.157E-04   0.138E-03   0.174E-03   0.261E-02   0.280E-02  -0.546E-03
   2.440  -0.537E-02   0.140E-04   0.136E-03   0.171E-03   0.259E-02   0.278E-02  -0.547E-03
   2.460  -0.533E-02   0.123E-04   0.133E-03   0.169E-03   0.258E-02   0.277E-02  -0.548E-03
   2.480  -0.530E-02   0.105E-04   0.131E-03   0.167E-03   0.256E-02   0.275E-02  -0.549E-03
   2.500  -0.527E-02   0.874E-05   0.129E-03   0.164E-03   0.254E-02   0.273E-02  -0.550E-03
   2.520  -0.523E-02   0.697E-05   0.126E-03   0.162E-03   0.252E-02   0.272E-02  -0.551E-03
   2.540  -0.520E-02   0.519E-05   0.124E-03   0.160E-03   0.251E-02   0.270E-02  -0.552E-03
   2.560  -0.517E-02   0.340E-05   0.121E-03   0.157E-03   0.249E-02   0.268E-02  -0.553E-03
   2.580  -0.514E-02   0.166E-05   0.119E-03   0.155E-03   0.247E-02   0.266E-02  -0.554E-03
   2.600  -0.511E-02  -0.126E-06   0.117E-03   0.153E-03   0.246E-02   0.265E-02  -0.554E-03
   2.620  -0.507E-02  -0.188E-05   0.114E-03   0.150E-03   0.244E-02   0.263E-02  -0.555E-03
   2.640  -0.504E-02  -0.367E-05   0.112E-03   0.148E-03   0.242E-02   0.261E-02  -0.556E-03
   2.660  -0.501E-02  -0.545E-05   0.110E-03   0.146E-03   0.241E-02   0.260E-02  -0.556E-03
   2.680  -0.498E-02  -0.725E-05   0.107E-03   0.143E-03   0.239E-02   0.258E-02  -0.557E-03
   2.700  -0.495E-02  -0.904E-05   0.105E-03   0.141E-03   0.237E-02   0.257E-02  -0.557E-03
   2.720  -0.492E-02  -0.109E-04   0.102E-03   0.139E-03   0.236E-02   0.255E-02  -0.558E-03
   2.740  -0.489E-02  -0.127E-04   0.100E-03   0.136E-03   0.234E-02   0.253E-02  -0.558E-03
   2.760  -0.486E-02  -0.144E-04   0.976E-04   0.134E-03   0.233E-02   0.252E-02  -0.559E-03
   2.780  -0.483E-02  -0.163E-04   0.952E-04   0.132E-03   0.231E-02   0.250E-02  -0.559E-03
   2.800  -0.480E-02  -0.181E-04   0.928E-04   0.129E-03   0.229E-02   0.249E-02  -0.559E-03
   2.820  -0.477E-02  -0.200E-04   0.903E-04   0.127E-03   0.228E-02   0.247E-02  -0.560E-03
   2.840  -0.474E-02  -0.219E-04   0.879E-04   0.125E-03   0.226E-02   0.246E-02  -0.560E-03
   2.860  -0.471E-02  -0.237E-04   0.855E-04   0.122E-03   0.225E-02   0.244E-02  -0.560E-03
   2.880  -0.469E-02  -0.256E-04   0.830E-04   0.120E-03   0.223E-02   0.243E-02  -0.560E-03
   2.900  -0.466E-02  -0.275E-04   0.806E-04   0.118E-03   0.222E-02   0.241E-02  -0.560E-03
   2.920  -0.463E-02  -0.293E-04   0.781E-04   0.116E-03   0.220E-02   0.240E-02  -0.561E-03
   2.940  -0.460E-02  -0.312E-04   0.757E-04   0.113E-03   0.219E-02   0.238E-02  -0.561E-03
   2.960  -0.457E-02  -0.331E-04   0.733E-04   0.111E-03   0.217E-02   0.237E-02  -0.561E-03
   2.980  -0.455E-02  -0.349E-04   0.708E-04   0.109E-03   0.215E-02   0.235E-02  -0.561E-03
   3.000  -0.452E-02  -0.368E-04   0.684E-04   0.107E-03   0.214E-02   0.234E-02  -0.561E-03
   3.020  -0.449E-02  -0.387E-04   0.660E-04   0.104E-03   0.213E-02   0.233E-02  -0.561E-03
   3.040  -0.446E-02  -0.405E-04   0.635E-04   0.102E-03   0.211E-02   0.231E-02  -0.561E-03
   3.060  -0.444E-02  -0.424E-04   0.611E-04   0.100E-03   0.210E-02   0.230E-02  -0.561E-03
   3.080  -0.441E-02  -0.443E-04   0.587E-04   0.978E-04   0.208E-02   0.228E-02  -0.561E-03
   3.100  -0.438E-02  -0.462E-04   0.562E-04   0.956E-04   0.207E-02   0.227E-02  -0.561E-03
   3.120  -0.436E-02  -0.480E-04   0.538E-04   0.934E-04   0.205E-02   0.226E-02  -0.560E-03
   3.140  -0.433E-02  -0.499E-04   0.514E-04   0.913E-04   0.204E-02   0.224E-02  -0.560E-03
   3.160  -0.431E-02  -0.517E-04   0.490E-04   0.892E-04   0.202E-02   0.223E-02  -0.560E-03
   3.180  -0.428E-02  -0.535E-04   0.466E-04   0.870E-04   0.201E-02   0.222E-02  -0.560E-03
   3.200  -0.425E-02  -0.554E-04   0.442E-04   0.849E-04   0.199E-02   0.220E-02  -0.559E-03
   3.220  -0.423E-02  -0.572E-04   0.419E-04   0.828E-04   0.198E-02   0.219E-02  -0.559E-03
   3.240  -0.420E-02  -0.590E-04   0.395E-04   0.807E-04   0.197E-02   0.218E-02  -0.559E-03
   3.260  -0.418E-02  -0.609E-04   0.371E-04   0.786E-04   0.195E-02   0.217E-02  -0.559E-03
   3.280  -0.415E-02  -0.627E-04   0.347E-04   0.765E-04   0.194E-02   0.215E-02  -0.558E-03
   3.300  -0.413E-02  -0.646E-04   0.323E-04   0.745E-04   0.192E-02   0.214E-02  -0.558E-03
   3.320  -0.410E-02  -0.664E-04   0.299E-04   0.724E-04   0.191E-02   0.213E-02  -0.558E-03
   3.340  -0.408E-02  -0.682E-04   0.275E-04   0.704E-04   0.190E-02   0.212E-02  -0.557E-03
   3.360  -0.406E-02  -0.701E-04   0.252E-04   0.683E-04   0.188E-02   0.210E-02  -0.557E-03
   3.380  -0.403E-02  -0.719E-04   0.228E-04   0.663E-04   0.187E-02   0.209E-02  -0.556E-03
   3.400  -0.401E-02  -0.737E-04   0.204E-04   0.643E-04   0.185E-02   0.208E-02  -0.556E-03
   3.420  -0.398E-02  -0.756E-04   0.180E-04   0.623E-04   0.184E-02   0.207E-02  -0.556E-03
   3.440  -0.396E-02  -0.774E-04   0.157E-04   0.603E-04   0.183E-02   0.206E-02  -0.555E-03
   3.460  -0.394E-02  -0.792E-04   0.133E-04   0.583E-04   0.181E-02   0.204E-02  -0.555E-03
   3.480  -0.391E-02  -0.811E-04   0.109E-04   0.563E-04   0.180E-02   0.203E-02  -0.554E-03
   3.500  -0.389E-02  -0.829E-04   0.856E-05   0.544E-04   0.179E-02   0.202E-02  -0.554E-03
   3.520  -0.387E-02  -0.847E-04   0.620E-05   0.524E-04   0.177E-02   0.201E-02  -0.553E-03
   3.540  -0.385E-02  -0.865E-04   0.385E-05   0.505E-04   0.176E-02   0.200E-02  -0.553E-03
   3.560  -0.382E-02  -0.883E-04   0.150E-05   0.486E-04   0.175E-02   0.199E-02  -0.553E-03
   3.580  -0.380E-02  -0.901E-04  -0.840E-06   0.466E-04   0.173E-02   0.198E-02  -0.552E-03
   3.600  -0.378E-02  -0.919E-04  -0.318E-05   0.447E-04   0.172E-02   0.196E-02  -0.552E-03
   3.620  -0.376E-02  -0.937E-04  -0.551E-05   0.429E-04   0.171E-02   0.195E-02  -0.551E-03
   3.640  -0.373E-02  -0.955E-04  -0.784E-05   0.410E-04   0.170E-02   0.194E-02  -0.551E-03
   3.660  -0.371E-02  -0.973E-04  -0.102E-04   0.391E-04   0.168E-02   0.193E-02  -0.550E-03
   3.680  -0.369E-02  -0.991E-04  -0.125E-04   0.373E-04   0.167E-02   0.192E-02  -0.550E-03
   3.700  -0.367E-02  -0.101E-03  -0.148E-04   0.354E-04   0.166E-02   0.191E-02  -0.549E-03
   3.720  -0.365E-02  -0.103E-03  -0.171E-04   0.336E-04   0.165E-02   0.190E-02  -0.548E-03
   3.740  -0.363E-02  -0.104E-03  -0.194E-04   0.318E-04   0.163E-02   0.189E-02  -0.548E-03
   3.760  -0.361E-02  -0.106E-03  -0.217E-04   0.299E-04   0.162E-02   0.188E-02  -0.547E-03
   3.780  -0.358E-02  -0.108E-03  -0.240E-04   0.282E-04   0.161E-02   0.187E-02  -0.547E-03
   3.800  -0.356E-02  -0.110E-03  -0.263E-04   0.264E-04   0.160E-02   0.186E-02  -0.546E-03
   3.820  -0.354E-02  -0.111E-03  -0.286E-04   0.246E-04   0.158E-02   0.185E-02  -0.546E-03
   3.840  -0.352E-02  -0.113E-03  -0.308E-04   0.228E-04   0.157E-02   0.184E-02  -0.545E-03
   3.860  -0.350E-02  -0.115E-03  -0.331E-04   0.211E-04   0.156E-02   0.183E-02  -0.545E-03
   3.880  -0.348E-02  -0.117E-03  -0.354E-04   0.193E-04   0.155E-02   0.182E-02  -0.544E-03
   3.900  -0.346E-02  -0.118E-03  -0.376E-04   0.176E-04   0.153E-02   0.181E-02  -0.544E-03
   3.920  -0.344E-02  -0.120E-03  -0.399E-04   0.159E-04   0.152E-02   0.180E-02  -0.543E-03
   3.940  -0.342E-02  -0.122E-03  -0.421E-04   0.142E-04   0.151E-02   0.179E-02  -0.543E-03
   3.960  -0.340E-02  -0.124E-03  -0.443E-04   0.125E-04   0.150E-02   0.178E-02  -0.542E-03
   3.980  -0.338E-02  -0.125E-03  -0.466E-04   0.108E-04   0.149E-02   0.177E-02  -0.541E-03
   4.000  -0.336E-02  -0.127E-03  -0.488E-04   0.915E-05   0.147E-02   0.176E-02  -0.541E-03
   4.020  -0.334E-02  -0.129E-03  -0.510E-04   0.749E-05   0.146E-02   0.175E-02  -0.540E-03
   4.040  -0.332E-02  -0.130E-03  -0.532E-04   0.585E-05   0.145E-02   0.174E-02  -0.540E-03
   4.060  -0.330E-02  -0.132E-03  -0.554E-04   0.421E-05   0.144E-02   0.173E-02  -0.539E-03
   4.080  -0.328E-02  -0.134E-03  -0.576E-04   0.259E-05   0.143E-02   0.172E-02  -0.539E-03
   4.100  -0.327E-02  -0.135E-03  -0.598E-04   0.978E-06   0.142E-02   0.171E-02  -0.538E-03
   4.120  -0.325E-02  -0.137E-03  -0.620E-04  -0.622E-06   0.140E-02   0.171E-02  -0.538E-03
   4.140  -0.323E-02  -0.139E-03  -0.642E-04  -0.221E-05   0.139E-02   0.170E-02  -0.537E-03
   4.160  -0.321E-02  -0.140E-03  -0.663E-04  -0.379E-05   0.138E-02   0.169E-02  -0.537E-03
   4.180  -0.319E-02  -0.142E-03  -0.685E-04  -0.536E-05   0.137E-02   0.168E-02  -0.536E-03
   4.200  -0.317E-02  -0.143E-03  -0.706E-04  -0.691E-05   0.136E-02   0.167E-02  -0.536E-03
   4.220  -0.315E-02  -0.145E-03  -0.728E-04  -0.846E-05   0.135E-02   0.166E-02  -0.535E-03
   4.240  -0.314E-02  -0.147E-03  -0.749E-04  -0.999E-05   0.134E-02   0.165E-02  -0.535E-03
   4.260  -0.312E-02  -0.148E-03  -0.771E-04  -0.115E-04   0.132E-02   0.164E-02  -0.534E-03
   4.280  -0.310E-02  -0.150E-03  -0.792E-04  -0.130E-04   0.131E-02   0.164E-02  -0.533E-03
   4.300  -0.308E-02  -0.151E-03  -0.813E-04  -0.145E-04   0.130E-02   0.163E-02  -0.533E-03
   4.320  -0.306E-02  -0.153E-03  -0.834E-04  -0.160E-04   0.129E-02   0.162E-02  -0.532E-03
   4.340  -0.305E-02  -0.155E-03  -0.855E-04  -0.175E-04   0.128E-02   0.161E-02  -0.532E-03
   4.360  -0.303E-02  -0.156E-03  -0.876E-04  -0.190E-04   0.127E-02   0.160E-02  -0.531E-03
   4.380  -0.301E-02  -0.158E-03  -0.897E-04  -0.204E-04   0.126E-02   0.159E-02  -0.531E-03
   4.400  -0.299E-02  -0.159E-03  -0.918E-04  -0.219E-04   0.125E-02   0.159E-02  -0.530E-03
   4.420  -0.298E-02  -0.161E-03  -0.939E-04  -0.233E-04   0.124E-02   0.158E-02  -0.530E-03
   4.440  -0.296E-02  -0.162E-03  -0.959E-04  -0.248E-04   0.123E-02   0.157E-02  -0.529E-03
   4.460  -0.294E-02  -0.164E-03  -0.980E-04  -0.262E-04   0.122E-02   0.156E-02  -0.529E-03
   4.480  -0.293E-02  -0.165E-03  -0.100E-03  -0.276E-04   0.121E-02   0.155E-02  -0.529E-03
   4.500  -0.291E-02  -0.167E-03  -0.102E-03  -0.290E-04   0.120E-02   0.155E-02  -0.528E-03
   4.520  -0.289E-02  -0.168E-03  -0.104E-03  -0.304E-04   0.118E-02   0.154E-02  -0.528E-03
   4.540  -0.288E-02  -0.170E-03  -0.106E-03  -0.318E-04   0.117E-02   0.153E-02  -0.527E-03
   4.560  -0.286E-02  -0.171E-03  -0.108E-03  -0.332E-04   0.116E-02   0.152E-02  -0.527E-03
   4.580  -0.284E-02  -0.173E-03  -0.110E-03  -0.345E-04   0.115E-02   0.152E-02  -0.526E-03
   4.600  -0.283E-02  -0.174E-03  -0.112E-03  -0.359E-04   0.114E-02   0.151E-02  -0.526E-03
   4.620  -0.281E-02  -0.176E-03  -0.114E-03  -0.372E-04   0.113E-02   0.150E-02  -0.525E-03
   4.640  -0.279E-02  -0.177E-03  -0.116E-03  -0.386E-04   0.112E-02   0.149E-02  -0.525E-03
   4.660  -0.278E-02  -0.179E-03  -0.118E-03  -0.399E-04   0.111E-02   0.149E-02  -0.524E-03
   4.680  -0.276E-02  -0.180E-03  -0.120E-03  -0.412E-04   0.110E-02   0.148E-02  -0.524E-03
   4.700  -0.275E-02  -0.181E-03  -0.122E-03  -0.425E-04   0.109E-02   0.147E-02  -0.524E-03
   4.720  -0.273E-02  -0.183E-03  -0.124E-03  -0.438E-04   0.108E-02   0.146E-02  -0.523E-03
   4.740  -0.271E-02  -0.184E-03  -0.126E-03  -0.451E-04   0.107E-02   0.146E-02  -0.523E-03
   4.760  -0.270E-02  -0.186E-03  -0.128E-03  -0.464E-04   0.106E-02   0.145E-02  -0.522E-03
   4.780  -0.268E-02  -0.187E-03  -0.130E-03  -0.476E-04   0.105E-02   0.144E-02  -0.522E-03
   4.800  -0.267E-02  -0.188E-03  -0.132E-03  -0.489E-04   0.104E-02   0.144E-02  -0.521E-03
   4.820  -0.265E-02  -0.190E-03  -0.134E-03  -0.501E-04   0.103E-02   0.143E-02  -0.521E-03
   4.840  -0.264E-02  -0.191E-03  -0.136E-03  -0.514E-04   0.102E-02   0.142E-02  -0.521E-03
   4.860  -0.262E-02  -0.192E-03  -0.138E-03  -0.526E-04   0.101E-02   0.142E-02  -0.520E-03
   4.880  -0.261E-02  -0.194E-03  -0.140E-03  -0.538E-04   0.100E-02   0.141E-02  -0.520E-03
   4.900  -0.259E-02  -0.195E-03  -0.141E-03  -0.551E-04   0.995E-03   0.140E-02  -0.519E-03
   4.920  -0.258E-02  -0.196E-03  -0.143E-03  -0.563E-04   0.986E-03   0.140E-02  -0.519E-03
   4.940  -0.256E-02  -0.198E-03  -0.145E-03  -0.575E-04   0.976E-03   0.139E-02  -0.519E-03
   4.960  -0.255E-02  -0.199E-03  -0.147E-03  -0.586E-04   0.967E-03   0.138E-02  -0.518E-03
   4.980  -0.253E-02  -0.200E-03  -0.149E-03  -0.598E-04   0.958E-03   0.138E-02  -0.518E-03
   5.000  -0.252E-02  -0.202E-03  -0.151E-03  -0.610E-04   0.949E-03   0.137E-02  -0.518E-03
   5.020  -0.250E-02  -0.203E-03  -0.153E-03  -0.621E-04   0.939E-03   0.136E-02  -0.517E-03
   5.040  -0.249E-02  -0.204E-03  -0.154E-03  -0.633E-04   0.930E-03   0.136E-02  -0.517E-03
   5.060  -0.248E-02  -0.205E-03  -0.156E-03  -0.644E-04   0.921E-03   0.135E-02  -0.516E-03
   5.080  -0.246E-02  -0.206E-03  -0.158E-03  -0.656E-04   0.912E-03   0.134E-02  -0.516E-03
   5.100  -0.245E-02  -0.208E-03  -0.160E-03  -0.667E-04   0.903E-03   0.134E-02  -0.516E-03
   5.120  -0.243E-02  -0.209E-03  -0.162E-03  -0.678E-04   0.894E-03   0.133E-02  -0.515E-03
   5.140  -0.242E-02  -0.210E-03  -0.163E-03  -0.689E-04   0.885E-03   0.132E-02  -0.515E-03
   5.160  -0.240E-02  -0.211E-03  -0.165E-03  -0.700E-04   0.876E-03   0.132E-02  -0.515E-03
   5.180  -0.239E-02  -0.213E-03  -0.167E-03  -0.711E-04   0.867E-03   0.131E-02  -0.514E-03
   5.200  -0.238E-02  -0.214E-03  -0.169E-03  -0.722E-04   0.859E-03   0.130E-02  -0.514E-03
   5.220  -0.236E-02  -0.215E-03  -0.170E-03  -0.732E-04   0.850E-03   0.130E-02  -0.514E-03
   5.240  -0.235E-02  -0.216E-03  -0.172E-03  -0.743E-04   0.841E-03   0.129E-02  -0.513E-03
   5.260  -0.234E-02  -0.217E-03  -0.174E-03  -0.753E-04   0.833E-03   0.129E-02  -0.513E-03
   5.280  -0.232E-02  -0.218E-03  -0.176E-03  -0.764E-04   0.824E-03   0.128E-02  -0.512E-03
   5.300  -0.231E-02  -0.219E-03  -0.177E-03  -0.774E-04   0.815E-03   0.127E-02  -0.512E-03
   5.320  -0.230E-02  -0.221E-03  -0.179E-03  -0.784E-04   0.807E-03   0.127E-02  -0.512E-03
   5.340  -0.228E-02  -0.222E-03  -0.181E-03  -0.795E-04   0.798E-03   0.126E-02  -0.511E-03
   5.360  -0.227E-02  -0.223E-03  -0.182E-03  -0.805E-04   0.790E-03   0.126E-02  -0.511E-03
   5.380  -0.226E-02  -0.224E-03  -0.184E-03  -0.815E-04   0.782E-03   0.125E-02  -0.511E-03
   5.400  -0.224E-02  -0.225E-03  -0.186E-03  -0.825E-04   0.773E-03   0.124E-02  -0.510E-03
   5.420  -0.223E-02  -0.226E-03  -0.187E-03  -0.834E-04   0.765E-03   0.124E-02  -0.510E-03
   5.440  -0.222E-02  -0.227E-03  -0.189E-03  -0.844E-04   0.757E-03   0.123E-02  -0.510E-03
   5.460  -0.220E-02  -0.228E-03  -0.191E-03  -0.854E-04   0.749E-03   0.123E-02  -0.509E-03
   5.480  -0.219E-02  -0.229E-03  -0.192E-03  -0.863E-04   0.741E-03   0.122E-02  -0.509E-03
   5.500  -0.218E-02  -0.230E-03  -0.194E-03  -0.873E-04   0.732E-03   0.122E-02  -0.509E-03
   5.520  -0.217E-02  -0.231E-03  -0.196E-03  -0.882E-04   0.724E-03   0.121E-02  -0.508E-03
   5.540  -0.215E-02  -0.232E-03  -0.197E-03  -0.891E-04   0.716E-03   0.120E-02  -0.508E-03
   5.560  -0.214E-02  -0.233E-03  -0.199E-03  -0.901E-04   0.708E-03   0.120E-02  -0.508E-03
   5.580  -0.213E-02  -0.234E-03  -0.200E-03  -0.910E-04   0.701E-03   0.119E-02  -0.507E-03
   5.600  -0.212E-02  -0.235E-03  -0.202E-03  -0.919E-04   0.693E-03   0.119E-02  -0.507E-03
   5.620  -0.210E-02  -0.236E-03  -0.203E-03  -0.928E-04   0.685E-03   0.118E-02  -0.507E-03
   5.640  -0.209E-02  -0.237E-03  -0.205E-03  -0.937E-04   0.677E-03   0.118E-02  -0.506E-03
   5.660  -0.208E-02  -0.238E-03  -0.207E-03  -0.945E-04   0.669E-03   0.117E-02  -0.506E-03
   5.680  -0.207E-02  -0.239E-03  -0.208E-03  -0.954E-04   0.662E-03   0.117E-02  -0.506E-03
   5.700  -0.205E-02  -0.240E-03  -0.210E-03  -0.963E-04   0.654E-03   0.116E-02  -0.505E-03
   5.720  -0.204E-02  -0.241E-03  -0.211E-03  -0.971E-04   0.646E-03   0.115E-02  -0.505E-03
   5.740  -0.203E-02  -0.241E-03  -0.213E-03  -0.980E-04   0.639E-03   0.115E-02  -0.505E-03
   5.760  -0.202E-02  -0.242E-03  -0.214E-03  -0.988E-04   0.631E-03   0.114E-02  -0.504E-03
   5.780  -0.201E-02  -0.243E-03  -0.216E-03  -0.996E-04   0.624E-03   0.114E-02  -0.504E-03
   5.800  -0.199E-02  -0.244E-03  -0.217E-03  -0.100E-03   0.616E-03   0.113E-02  -0.504E-03
   5.820  -0.198E-02  -0.245E-03  -0.219E-03  -0.101E-03   0.609E-03   0.113E-02  -0.503E-03
   5.840  -0.197E-02  -0.246E-03  -0.220E-03  -0.102E-03   0.602E-03   0.112E-02  -0.503E-03
   5.860  -0.196E-02  -0.247E-03  -0.221E-03  -0.103E-03   0.594E-03   0.112E-02  -0.503E-03
   5.880  -0.195E-02  -0.247E-03  -0.223E-03  -0.104E-03   0.587E-03   0.111E-02  -0.502E-03
   5.900  -0.194E-02  -0.248E-03  -0.224E-03  -0.104E-03   0.580E-03   0.111E-02  -0.502E-03
   5.920  -0.192E-02  -0.249E-03  -0.226E-03  -0.105E-03   0.573E-03   0.110E-02  -0.502E-03
   5.940  -0.191E-02  -0.250E-03  -0.227E-03  -0.106E-03   0.566E-03   0.110E-02  -0.501E-03
   5.960  -0.190E-02  -0.251E-03  -0.229E-03  -0.107E-03   0.559E-03   0.109E-02  -0.501E-03
   5.980  -0.189E-02  -0.251E-03  -0.230E-03  -0.107E-03   0.552E-03   0.109E-02  -0.500E-03
   6.000  -0.188E-02  -0.252E-03  -0.231E-03  -0.108E-03   0.545E-03   0.108E-02  -0.500E-03
   6.020  -0.187E-02  -0.253E-03  -0.233E-03  -0.109E-03   0.538E-03   0.108E-02  -0.500E-03
   6.040  -0.186E-02  -0.254E-03  -0.234E-03  -0.110E-03   0.531E-03   0.107E-02  -0.499E-03
   6.060  -0.185E-02  -0.254E-03  -0.235E-03  -0.110E-03   0.524E-03   0.107E-02  -0.499E-03
   6.080  -0.183E-02  -0.255E-03  -0.237E-03  -0.111E-03   0.517E-03   0.106E-02  -0.499E-03
   6.100  -0.182E-02  -0.256E-03  -0.238E-03  -0.112E-03   0.510E-03   0.106E-02  -0.498E-03
   6.120  -0.181E-02  -0.256E-03  -0.239E-03  -0.112E-03   0.503E-03   0.105E-02  -0.498E-03
   6.140  -0.180E-02  -0.257E-03  -0.241E-03  -0.113E-03   0.497E-03   0.105E-02  -0.497E-03
   6.160  -0.179E-02  -0.258E-03  -0.242E-03  -0.114E-03   0.490E-03   0.104E-02  -0.497E-03
   6.180  -0.178E-02  -0.258E-03  -0.243E-03  -0.114E-03   0.483E-03   0.104E-02  -0.497E-03
   6.200  -0.177E-02  -0.259E-03  -0.244E-03  -0.115E-03   0.477E-03   0.103E-02  -0.496E-03
   6.220  -0.176E-02  -0.260E-03  -0.246E-03  -0.116E-03   0.470E-03   0.103E-02  -0.496E-03
   6.240  -0.175E-02  -0.260E-03  -0.247E-03  -0.116E-03   0.464E-03   0.102E-02  -0.496E-03
   6.260  -0.174E-02  -0.261E-03  -0.248E-03  -0.117E-03   0.457E-03   0.102E-02  -0.495E-03
   6.280  -0.173E-02  -0.261E-03  -0.249E-03  -0.118E-03   0.451E-03   0.101E-02  -0.495E-03
   6.300  -0.172E-02  -0.262E-03  -0.251E-03  -0.118E-03   0.444E-03   0.101E-02  -0.494E-03
   6.320  -0.170E-02  -0.263E-03  -0.252E-03  -0.119E-03   0.438E-03   0.100E-02  -0.494E-03
   6.340  -0.169E-02  -0.263E-03  -0.253E-03  -0.119E-03   0.432E-03   0.999E-03  -0.494E-03
   6.360  -0.168E-02  -0.264E-03  -0.254E-03  -0.120E-03   0.425E-03   0.995E-03  -0.493E-03
   6.380  -0.167E-02  -0.264E-03  -0.255E-03  -0.121E-03   0.419E-03   0.990E-03  -0.493E-03
   6.400  -0.166E-02  -0.265E-03  -0.257E-03  -0.121E-03   0.413E-03   0.985E-03  -0.492E-03
   6.420  -0.165E-02  -0.265E-03  -0.258E-03  -0.122E-03   0.407E-03   0.981E-03  -0.492E-03
   6.440  -0.164E-02  -0.266E-03  -0.259E-03  -0.122E-03   0.401E-03   0.976E-03  -0.491E-03
   6.460  -0.163E-02  -0.266E-03  -0.260E-03  -0.123E-03   0.395E-03   0.972E-03  -0.491E-03
   6.480  -0.162E-02  -0.267E-03  -0.261E-03  -0.124E-03   0.389E-03   0.967E-03  -0.491E-03
   6.500  -0.161E-02  -0.267E-03  -0.262E-03  -0.124E-03   0.383E-03   0.962E-03  -0.490E-03
   6.520  -0.160E-02  -0.268E-03  -0.263E-03  -0.125E-03   0.377E-03   0.958E-03  -0.490E-03
   6.540  -0.159E-02  -0.268E-03  -0.264E-03  -0.125E-03   0.371E-03   0.953E-03  -0.489E-03
   6.560  -0.158E-02  -0.269E-03  -0.265E-03  -0.126E-03   0.365E-03   0.949E-03  -0.489E-03
   6.580  -0.157E-02  -0.269E-03  -0.267E-03  -0.126E-03   0.359E-03   0.944E-03  -0.488E-03
   6.600  -0.156E-02  -0.270E-03  -0.268E-03  -0.127E-03   0.353E-03   0.940E-03  -0.488E-03
   6.620  -0.155E-02  -0.270E-03  -0.269E-03  -0.127E-03   0.347E-03   0.935E-03  -0.488E-03
   6.640  -0.154E-02  -0.271E-03  -0.270E-03  -0.128E-03   0.342E-03   0.931E-03  -0.487E-03
   6.660  -0.153E-02  -0.271E-03  -0.271E-03  -0.128E-03   0.336E-03   0.927E-03  -0.487E-03
   6.680  -0.152E-02  -0.271E-03  -0.272E-03  -0.129E-03   0.330E-03   0.922E-03  -0.486E-03
   6.700  -0.151E-02  -0.272E-03  -0.273E-03  -0.129E-03   0.325E-03   0.918E-03  -0.486E-03
   6.720  -0.151E-02  -0.272E-03  -0.274E-03  -0.130E-03   0.319E-03   0.913E-03  -0.485E-03
   6.740  -0.150E-02  -0.272E-03  -0.275E-03  -0.130E-03   0.314E-03   0.909E-03  -0.485E-03
   6.760  -0.149E-02  -0.273E-03  -0.276E-03  -0.131E-03   0.308E-03   0.905E-03  -0.484E-03
   6.780  -0.148E-02  -0.273E-03  -0.277E-03  -0.131E-03   0.303E-03   0.900E-03  -0.484E-03
   6.800  -0.147E-02  -0.274E-03  -0.277E-03  -0.132E-03   0.297E-03   0.896E-03  -0.483E-03
   6.820  -0.146E-02  -0.274E-03  -0.278E-03  -0.132E-03   0.292E-03   0.892E-03  -0.483E-03
   6.840  -0.145E-02  -0.274E-03  -0.279E-03  -0.133E-03   0.286E-03   0.888E-03  -0.483E-03
   6.860  -0.144E-02  -0.275E-03  -0.280E-03  -0.133E-03   0.281E-03   0.883E-03  -0.482E-03
   6.880  -0.143E-02  -0.275E-03  -0.281E-03  -0.134E-03   0.276E-03   0.879E-03  -0.482E-03
   6.900  -0.142E-02  -0.275E-03  -0.282E-03  -0.134E-03   0.271E-03   0.875E-03  -0.481E-03
   6.920  -0.141E-02  -0.275E-03  -0.283E-03  -0.134E-03   0.265E-03   0.871E-03  -0.481E-03
   6.940  -0.140E-02  -0.276E-03  -0.284E-03  -0.135E-03   0.260E-03   0.866E-03  -0.480E-03
   6.960  -0.139E-02  -0.276E-03  -0.285E-03  -0.135E-03   0.255E-03   0.862E-03  -0.480E-03
   6.980  -0.138E-02  -0.276E-03  -0.286E-03  -0.136E-03   0.250E-03   0.858E-03  -0.479E-03
   7.000  -0.138E-02  -0.277E-03  -0.286E-03  -0.136E-03   0.245E-03   0.854E-03  -0.479E-03
   7.020  -0.137E-02  -0.277E-03  -0.287E-03  -0.136E-03   0.240E-03   0.850E-03  -0.478E-03
   7.040  -0.136E-02  -0.277E-03  -0.288E-03  -0.137E-03   0.235E-03   0.845E-03  -0.478E-03
   7.060  -0.135E-02  -0.277E-03  -0.289E-03  -0.137E-03   0.230E-03   0.841E-03  -0.477E-03
   7.080  -0.134E-02  -0.278E-03  -0.290E-03  -0.138E-03   0.225E-03   0.837E-03  -0.477E-03
   7.100  -0.133E-02  -0.278E-03  -0.290E-03  -0.138E-03   0.220E-03   0.833E-03  -0.476E-03
   7.120  -0.132E-02  -0.278E-03  -0.291E-03  -0.138E-03   0.215E-03   0.829E-03  -0.476E-03
   7.140  -0.131E-02  -0.278E-03  -0.292E-03  -0.139E-03   0.210E-03   0.825E-03  -0.475E-03
   7.160  -0.130E-02  -0.278E-03  -0.293E-03  -0.139E-03   0.206E-03   0.821E-03  -0.474E-03
   7.180  -0.130E-02  -0.279E-03  -0.293E-03  -0.140E-03   0.201E-03   0.817E-03  -0.474E-03
   7.200  -0.129E-02  -0.279E-03  -0.294E-03  -0.140E-03   0.196E-03   0.813E-03  -0.473E-03
   7.220  -0.128E-02  -0.279E-03  -0.295E-03  -0.140E-03   0.191E-03   0.809E-03  -0.473E-03
   7.240  -0.127E-02  -0.279E-03  -0.296E-03  -0.141E-03   0.187E-03   0.805E-03  -0.472E-03
   7.260  -0.126E-02  -0.279E-03  -0.296E-03  -0.141E-03   0.182E-03   0.801E-03  -0.472E-03
   7.280  -0.125E-02  -0.280E-03  -0.297E-03  -0.141E-03   0.177E-03   0.796E-03  -0.471E-03
   7.300  -0.125E-02  -0.280E-03  -0.298E-03  -0.142E-03   0.173E-03   0.792E-03  -0.471E-03
   7.320  -0.124E-02  -0.280E-03  -0.298E-03  -0.142E-03   0.168E-03   0.788E-03  -0.470E-03
   7.340  -0.123E-02  -0.280E-03  -0.299E-03  -0.142E-03   0.164E-03   0.785E-03  -0.470E-03
   7.360  -0.122E-02  -0.280E-03  -0.300E-03  -0.143E-03   0.159E-03   0.781E-03  -0.469E-03
   7.380  -0.121E-02  -0.280E-03  -0.300E-03  -0.143E-03   0.155E-03   0.777E-03  -0.469E-03
   7.400  -0.120E-02  -0.280E-03  -0.301E-03  -0.144E-03   0.150E-03   0.773E-03  -0.468E-03
   7.420  -0.120E-02  -0.280E-03  -0.302E-03  -0.144E-03   0.146E-03   0.769E-03  -0.467E-03
   7.440  -0.119E-02  -0.281E-03  -0.302E-03  -0.144E-03   0.142E-03   0.765E-03  -0.467E-03
   7.460  -0.118E-02  -0.281E-03  -0.303E-03  -0.144E-03   0.137E-03   0.761E-03  -0.466E-03
   7.480  -0.117E-02  -0.281E-03  -0.304E-03  -0.145E-03   0.133E-03   0.757E-03  -0.466E-03
   7.500  -0.116E-02  -0.281E-03  -0.304E-03  -0.145E-03   0.129E-03   0.753E-03  -0.465E-03
   7.520  -0.115E-02  -0.281E-03  -0.305E-03  -0.145E-03   0.125E-03   0.749E-03  -0.465E-03
   7.540  -0.115E-02  -0.281E-03  -0.305E-03  -0.146E-03   0.120E-03   0.745E-03  -0.464E-03
   7.560  -0.114E-02  -0.281E-03  -0.306E-03  -0.146E-03   0.116E-03   0.741E-03  -0.463E-03
   7.580  -0.113E-02  -0.281E-03  -0.306E-03  -0.146E-03   0.112E-03   0.738E-03  -0.463E-03
   7.600  -0.112E-02  -0.281E-03  -0.307E-03  -0.147E-03   0.108E-03   0.734E-03  -0.462E-03
   7.620  -0.112E-02  -0.281E-03  -0.308E-03  -0.147E-03   0.104E-03   0.730E-03  -0.462E-03
   7.640  -0.111E-02  -0.281E-03  -0.308E-03  -0.147E-03   0.999E-04   0.726E-03  -0.461E-03
   7.660  -0.110E-02  -0.281E-03  -0.309E-03  -0.148E-03   0.959E-04   0.722E-03  -0.460E-03
   7.680  -0.109E-02  -0.281E-03  -0.309E-03  -0.148E-03   0.920E-04   0.718E-03  -0.460E-03
   7.700  -0.108E-02  -0.281E-03  -0.310E-03  -0.148E-03   0.880E-04   0.715E-03  -0.459E-03
   7.720  -0.108E-02  -0.281E-03  -0.310E-03  -0.148E-03   0.841E-04   0.711E-03  -0.459E-03
   7.740  -0.107E-02  -0.281E-03  -0.311E-03  -0.149E-03   0.802E-04   0.707E-03  -0.458E-03
   7.760  -0.106E-02  -0.281E-03  -0.311E-03  -0.149E-03   0.763E-04   0.703E-03  -0.457E-03
   7.780  -0.105E-02  -0.281E-03  -0.312E-03  -0.149E-03   0.725E-04   0.699E-03  -0.457E-03
   7.800  -0.105E-02  -0.282E-03  -0.312E-03  -0.150E-03   0.687E-04   0.696E-03  -0.456E-03
   7.820  -0.104E-02  -0.282E-03  -0.313E-03  -0.150E-03   0.649E-04   0.692E-03  -0.456E-03
   7.840  -0.103E-02  -0.282E-03  -0.313E-03  -0.150E-03   0.611E-04   0.688E-03  -0.455E-03
   7.860  -0.102E-02  -0.281E-03  -0.313E-03  -0.150E-03   0.574E-04   0.684E-03  -0.454E-03
   7.880  -0.102E-02  -0.281E-03  -0.314E-03  -0.151E-03   0.537E-04   0.681E-03  -0.454E-03
   7.900  -0.101E-02  -0.281E-03  -0.314E-03  -0.151E-03   0.501E-04   0.677E-03  -0.453E-03
   7.920  -0.100E-02  -0.281E-03  -0.315E-03  -0.151E-03   0.464E-04   0.673E-03  -0.452E-03
   7.940  -0.994E-03  -0.281E-03  -0.315E-03  -0.151E-03   0.428E-04   0.670E-03  -0.452E-03
   7.960  -0.987E-03  -0.281E-03  -0.316E-03  -0.152E-03   0.392E-04   0.666E-03  -0.451E-03
   7.980  -0.979E-03  -0.281E-03  -0.316E-03  -0.152E-03   0.357E-04   0.662E-03  -0.451E-03
   8.000  -0.972E-03  -0.281E-03  -0.316E-03  -0.152E-03   0.321E-04   0.659E-03  -0.450E-03
   8.020  -0.965E-03  -0.281E-03  -0.317E-03  -0.152E-03   0.286E-04   0.655E-03  -0.449E-03
   8.040  -0.958E-03  -0.281E-03  -0.317E-03  -0.153E-03   0.251E-04   0.651E-03  -0.449E-03
   8.060  -0.951E-03  -0.281E-03  -0.317E-03  -0.153E-03   0.217E-04   0.648E-03  -0.448E-03
   8.080  -0.943E-03  -0.281E-03  -0.318E-03  -0.153E-03   0.183E-04   0.644E-03  -0.447E-03
   8.100  -0.936E-03  -0.281E-03  -0.318E-03  -0.153E-03   0.149E-04   0.640E-03  -0.447E-03
   8.120  -0.929E-03  -0.281E-03  -0.318E-03  -0.154E-03   0.115E-04   0.637E-03  -0.446E-03
   8.140  -0.922E-03  -0.281E-03  -0.319E-03  -0.154E-03   0.814E-05   0.633E-03  -0.445E-03
   8.160  -0.915E-03  -0.281E-03  -0.319E-03  -0.154E-03   0.482E-05   0.629E-03  -0.445E-03
   8.180  -0.908E-03  -0.281E-03  -0.319E-03  -0.154E-03   0.152E-05   0.626E-03  -0.444E-03
   8.200  -0.901E-03  -0.281E-03  -0.320E-03  -0.155E-03  -0.175E-05   0.622E-03  -0.443E-03
   8.220  -0.894E-03  -0.281E-03  -0.320E-03  -0.155E-03  -0.500E-05   0.619E-03  -0.443E-03
   8.240  -0.887E-03  -0.280E-03  -0.320E-03  -0.155E-03  -0.822E-05   0.615E-03  -0.442E-03
   8.260  -0.881E-03  -0.280E-03  -0.321E-03  -0.155E-03  -0.114E-04   0.611E-03  -0.441E-03
   8.280  -0.874E-03  -0.280E-03  -0.321E-03  -0.156E-03  -0.146E-04   0.608E-03  -0.441E-03
   8.300  -0.867E-03  -0.280E-03  -0.321E-03  -0.156E-03  -0.177E-04   0.604E-03  -0.440E-03
   8.320  -0.860E-03  -0.280E-03  -0.321E-03  -0.156E-03  -0.209E-04   0.601E-03  -0.439E-03
   8.340  -0.853E-03  -0.280E-03  -0.322E-03  -0.156E-03  -0.240E-04   0.597E-03  -0.439E-03
   8.360  -0.847E-03  -0.280E-03  -0.322E-03  -0.157E-03  -0.270E-04   0.594E-03  -0.438E-03
   8.380  -0.840E-03  -0.280E-03  -0.322E-03  -0.157E-03  -0.301E-04   0.590E-03  -0.437E-03
   8.400  -0.833E-03  -0.280E-03  -0.322E-03  -0.157E-03  -0.331E-04   0.586E-03  -0.437E-03
   8.420  -0.827E-03  -0.280E-03  -0.323E-03  -0.157E-03  -0.361E-04   0.583E-03  -0.436E-03
   8.440  -0.820E-03  -0.279E-03  -0.323E-03  -0.157E-03  -0.391E-04   0.579E-03  -0.435E-03
   8.460  -0.813E-03  -0.279E-03  -0.323E-03  -0.158E-03  -0.421E-04   0.576E-03  -0.435E-03
   8.480  -0.807E-03  -0.279E-03  -0.323E-03  -0.158E-03  -0.450E-04   0.572E-03  -0.434E-03
   8.500  -0.800E-03  -0.279E-03  -0.324E-03  -0.158E-03  -0.479E-04   0.569E-03  -0.433E-03
   8.520  -0.794E-03  -0.279E-03  -0.324E-03  -0.158E-03  -0.508E-04   0.565E-03  -0.433E-03
   8.540  -0.787E-03  -0.279E-03  -0.324E-03  -0.158E-03  -0.537E-04   0.562E-03  -0.432E-03
   8.560  -0.781E-03  -0.279E-03  -0.324E-03  -0.159E-03  -0.565E-04   0.558E-03  -0.431E-03
   8.580  -0.774E-03  -0.278E-03  -0.324E-03  -0.159E-03  -0.593E-04   0.555E-03  -0.430E-03
   8.600  -0.768E-03  -0.278E-03  -0.324E-03  -0.159E-03  -0.621E-04   0.551E-03  -0.430E-03
   8.620  -0.761E-03  -0.278E-03  -0.325E-03  -0.159E-03  -0.649E-04   0.548E-03  -0.429E-03
   8.640  -0.755E-03  -0.278E-03  -0.325E-03  -0.160E-03  -0.677E-04   0.545E-03  -0.428E-03
   8.660  -0.749E-03  -0.278E-03  -0.325E-03  -0.160E-03  -0.704E-04   0.541E-03  -0.428E-03
   8.680  -0.742E-03  -0.278E-03  -0.325E-03  -0.160E-03  -0.731E-04   0.538E-03  -0.427E-03
   8.700  -0.736E-03  -0.278E-03  -0.325E-03  -0.160E-03  -0.758E-04   0.534E-03  -0.426E-03
   8.720  -0.730E-03  -0.277E-03  -0.325E-03  -0.160E-03  -0.785E-04   0.531E-03  -0.425E-03
   8.740  -0.724E-03  -0.277E-03  -0.326E-03  -0.161E-03  -0.811E-04   0.527E-03  -0.425E-03
   8.760  -0.717E-03  -0.277E-03  -0.326E-03  -0.161E-03  -0.838E-04   0.524E-03  -0.424E-03
   8.780  -0.711E-03  -0.277E-03  -0.326E-03  -0.161E-03  -0.864E-04   0.521E-03  -0.423E-03
   8.800  -0.705E-03  -0.277E-03  -0.326E-03  -0.161E-03  -0.890E-04   0.517E-03  -0.423E-03
   8.820  -0.699E-03  -0.277E-03  -0.326E-03  -0.161E-03  -0.915E-04   0.514E-03  -0.422E-03
   8.840  -0.693E-03  -0.276E-03  -0.326E-03  -0.162E-03  -0.941E-04   0.510E-03  -0.421E-03
   8.860  -0.687E-03  -0.276E-03  -0.326E-03  -0.162E-03  -0.966E-04   0.507E-03  -0.420E-03
   8.880  -0.681E-03  -0.276E-03  -0.326E-03  -0.162E-03  -0.991E-04   0.504E-03  -0.420E-03
   8.900  -0.675E-03  -0.276E-03  -0.326E-03  -0.162E-03  -0.102E-03   0.500E-03  -0.419E-03
   8.920  -0.669E-03  -0.276E-03  -0.327E-03  -0.162E-03  -0.104E-03   0.497E-03  -0.418E-03
   8.940  -0.663E-03  -0.276E-03  -0.327E-03  -0.163E-03  -0.107E-03   0.493E-03  -0.418E-03
   8.960  -0.657E-03  -0.275E-03  -0.327E-03  -0.163E-03  -0.109E-03   0.490E-03  -0.417E-03
   8.980  -0.651E-03  -0.275E-03  -0.327E-03  -0.163E-03  -0.111E-03   0.487E-03  -0.416E-03
   9.000  -0.645E-03  -0.275E-03  -0.327E-03  -0.163E-03  -0.114E-03   0.483E-03  -0.415E-03
   9.020  -0.639E-03  -0.275E-03  -0.327E-03  -0.163E-03  -0.116E-03   0.480E-03  -0.415E-03
   9.040  -0.633E-03  -0.275E-03  -0.327E-03  -0.164E-03  -0.119E-03   0.477E-03  -0.414E-03
   9.060  -0.627E-03  -0.274E-03  -0.327E-03  -0.164E-03  -0.121E-03   0.473E-03  -0.413E-03
   9.080  -0.621E-03  -0.274E-03  -0.327E-03  -0.164E-03  -0.123E-03   0.470E-03  -0.412E-03
   9.100  -0.615E-03  -0.274E-03  -0.327E-03  -0.164E-03  -0.125E-03   0.467E-03  -0.412E-03
   9.120  -0.610E-03  -0.274E-03  -0.327E-03  -0.164E-03  -0.128E-03   0.463E-03  -0.411E-03
   9.140  -0.604E-03  -0.274E-03  -0.327E-03  -0.165E-03  -0.130E-03   0.460E-03  -0.410E-03
   9.160  -0.598E-03  -0.274E-03  -0.327E-03  -0.165E-03  -0.132E-03   0.457E-03  -0.409E-03
   9.180  -0.592E-03  -0.273E-03  -0.327E-03  -0.165E-03  -0.135E-03   0.453E-03  -0.409E-03
   9.200  -0.587E-03  -0.273E-03  -0.327E-03  -0.165E-03  -0.137E-03   0.450E-03  -0.408E-03
   9.220  -0.581E-03  -0.273E-03  -0.327E-03  -0.165E-03  -0.139E-03   0.447E-03  -0.407E-03
   9.240  -0.575E-03  -0.273E-03  -0.327E-03  -0.166E-03  -0.141E-03   0.443E-03  -0.406E-03
   9.260  -0.570E-03  -0.273E-03  -0.327E-03  -0.166E-03  -0.143E-03   0.440E-03  -0.406E-03
   9.280  -0.564E-03  -0.272E-03  -0.327E-03  -0.166E-03  -0.145E-03   0.437E-03  -0.405E-03
   9.300  -0.558E-03  -0.272E-03  -0.327E-03  -0.166E-03  -0.148E-03   0.434E-03  -0.404E-03
   9.320  -0.553E-03  -0.272E-03  -0.327E-03  -0.166E-03  -0.150E-03   0.430E-03  -0.403E-03
   9.340  -0.547E-03  -0.272E-03  -0.327E-03  -0.167E-03  -0.152E-03   0.427E-03  -0.403E-03
   9.360  -0.542E-03  -0.272E-03  -0.327E-03  -0.167E-03  -0.154E-03   0.424E-03  -0.402E-03
   9.380  -0.536E-03  -0.271E-03  -0.327E-03  -0.167E-03  -0.156E-03   0.421E-03  -0.401E-03
   9.400  -0.531E-03  -0.271E-03  -0.327E-03  -0.167E-03  -0.158E-03   0.417E-03  -0.400E-03
   9.420  -0.525E-03  -0.271E-03  -0.327E-03  -0.167E-03  -0.160E-03   0.414E-03  -0.400E-03
   9.440  -0.520E-03  -0.271E-03  -0.327E-03  -0.167E-03  -0.162E-03   0.411E-03  -0.399E-03
   9.460  -0.514E-03  -0.271E-03  -0.327E-03  -0.168E-03  -0.164E-03   0.408E-03  -0.398E-03
   9.480  -0.509E-03  -0.270E-03  -0.327E-03  -0.168E-03  -0.166E-03   0.404E-03  -0.397E-03
   9.500  -0.504E-03  -0.270E-03  -0.327E-03  -0.168E-03  -0.168E-03   0.401E-03  -0.397E-03
   9.520  -0.498E-03  -0.270E-03  -0.327E-03  -0.168E-03  -0.170E-03   0.398E-03  -0.396E-03
   9.540  -0.493E-03  -0.270E-03  -0.327E-03  -0.169E-03  -0.172E-03   0.395E-03  -0.395E-03
   9.560  -0.488E-03  -0.270E-03  -0.327E-03  -0.169E-03  -0.174E-03   0.392E-03  -0.394E-03
   9.580  -0.482E-03  -0.269E-03  -0.327E-03  -0.169E-03  -0.176E-03   0.388E-03  -0.394E-03
   9.600  -0.477E-03  -0.269E-03  -0.327E-03  -0.169E-03  -0.178E-03   0.385E-03  -0.393E-03
   9.620  -0.472E-03  -0.269E-03  -0.327E-03  -0.169E-03  -0.179E-03   0.382E-03  -0.392E-03
   9.640  -0.466E-03  -0.269E-03  -0.327E-03  -0.170E-03  -0.181E-03   0.379E-03  -0.391E-03
   9.660  -0.461E-03  -0.269E-03  -0.327E-03  -0.170E-03  -0.183E-03   0.376E-03  -0.391E-03
   9.680  -0.456E-03  -0.269E-03  -0.327E-03  -0.170E-03  -0.185E-03   0.372E-03  -0.390E-03
   9.700  -0.451E-03  -0.268E-03  -0.326E-03  -0.170E-03  -0.187E-03   0.369E-03  -0.389E-03
   9.720  -0.446E-03  -0.268E-03  -0.326E-03  -0.170E-03  -0.189E-03   0.366E-03  -0.388E-03
   9.740  -0.440E-03  -0.268E-03  -0.326E-03  -0.171E-03  -0.190E-03   0.363E-03  -0.388E-03
   9.760  -0.435E-03  -0.268E-03  -0.326E-03  -0.171E-03  -0.192E-03   0.360E-03  -0.387E-03
   9.780  -0.430E-03  -0.268E-03  -0.326E-03  -0.171E-03  -0.194E-03   0.357E-03  -0.386E-03
   9.800  -0.425E-03  -0.267E-03  -0.326E-03  -0.171E-03  -0.196E-03   0.353E-03  -0.385E-03
   9.820  -0.420E-03  -0.267E-03  -0.326E-03  -0.171E-03  -0.198E-03   0.350E-03  -0.385E-03
   9.840  -0.415E-03  -0.267E-03  -0.326E-03  -0.172E-03  -0.199E-03   0.347E-03  -0.384E-03
   9.860  -0.410E-03  -0.267E-03  -0.326E-03  -0.172E-03  -0.201E-03   0.344E-03  -0.383E-03
   9.880  -0.405E-03  -0.267E-03  -0.326E-03  -0.172E-03  -0.203E-03   0.341E-03  -0.382E-03
   9.900  -0.400E-03  -0.266E-03  -0.326E-03  -0.172E-03  -0.204E-03   0.338E-03  -0.382E-03
   9.920  -0.395E-03  -0.266E-03  -0.326E-03  -0.173E-03  -0.206E-03   0.335E-03  -0.381E-03
   9.940  -0.390E-03  -0.266E-03  -0.326E-03  -0.173E-03  -0.208E-03   0.331E-03  -0.380E-03
   9.960  -0.385E-03  -0.266E-03  -0.325E-03  -0.173E-03  -0.209E-03   0.328E-03  -0.379E-03
   9.980  -0.380E-03  -0.266E-03  -0.325E-03  -0.173E-03  -0.211E-03   0.325E-03  -0.378E-03
  10.000  -0.375E-03  -0.266E-03  -0.325E-03  -0.173E-03  -0.213E-03   0.322E-03  -0.378E-03
  10.020  -0.370E-03  -0.265E-03  -0.325E-03  -0.174E-03  -0.214E-03   0.319E-03  -0.377E-03
  10.040  -0.365E-03  -0.265E-03  -0.325E-03  -0.174E-03  -0.216E-03   0.316E-03  -0.376E-03
  10.060  -0.360E-03  -0.265E-03  -0.325E-03  -0.174E-03  -0.218E-03   0.313E-03  -0.376E-03
  10.080  -0.355E-03  -0.265E-03  -0.325E-03  -0.174E-03  -0.219E-03   0.310E-03  -0.375E-03
  10.100  -0.351E-03  -0.265E-03  -0.325E-03  -0.175E-03  -0.221E-03   0.307E-03  -0.374E-03
  10.120  -0.346E-03  -0.265E-03  -0.325E-03  -0.175E-03  -0.222E-03   0.304E-03  -0.373E-03
  10.140  -0.341E-03  -0.264E-03  -0.325E-03  -0.175E-03  -0.224E-03   0.300E-03  -0.373E-03
  10.160  -0.336E-03  -0.264E-03  -0.324E-03  -0.175E-03  -0.226E-03   0.297E-03  -0.372E-03
  10.180  -0.331E-03  -0.264E-03  -0.324E-03  -0.175E-03  -0.227E-03   0.294E-03  -0.371E-03
  10.200  -0.327E-03  -0.264E-03  -0.324E-03  -0.176E-03  -0.229E-03   0.291E-03  -0.370E-03
  10.220  -0.322E-03  -0.264E-03  -0.324E-03  -0.176E-03  -0.230E-03   0.288E-03  -0.370E-03
  10.240  -0.317E-03  -0.264E-03  -0.324E-03  -0.176E-03  -0.232E-03   0.285E-03  -0.369E-03
  10.260  -0.312E-03  -0.263E-03  -0.324E-03  -0.176E-03  -0.233E-03   0.282E-03  -0.368E-03
  10.280  -0.308E-03  -0.263E-03  -0.324E-03  -0.177E-03  -0.235E-03   0.279E-03  -0.367E-03
  10.300  -0.303E-03  -0.263E-03  -0.324E-03  -0.177E-03  -0.236E-03   0.276E-03  -0.367E-03
  10.320  -0.298E-03  -0.263E-03  -0.324E-03  -0.177E-03  -0.238E-03   0.273E-03  -0.366E-03
  10.340  -0.294E-03  -0.263E-03  -0.323E-03  -0.177E-03  -0.239E-03   0.270E-03  -0.365E-03
  10.360  -0.289E-03  -0.263E-03  -0.323E-03  -0.178E-03  -0.241E-03   0.267E-03  -0.364E-03
  10.380  -0.285E-03  -0.263E-03  -0.323E-03  -0.178E-03  -0.242E-03   0.264E-03  -0.364E-03
  10.400  -0.280E-03  -0.262E-03  -0.323E-03  -0.178E-03  -0.244E-03   0.261E-03  -0.363E-03
  10.420  -0.275E-03  -0.262E-03  -0.323E-03  -0.178E-03  -0.245E-03   0.258E-03  -0.362E-03
  10.440  -0.271E-03  -0.262E-03  -0.323E-03  -0.179E-03  -0.246E-03   0.255E-03  -0.362E-03
  10.460  -0.266E-03  -0.262E-03  -0.323E-03  -0.179E-03  -0.248E-03   0.252E-03  -0.361E-03
  10.480  -0.262E-03  -0.262E-03  -0.323E-03  -0.179E-03  -0.249E-03   0.249E-03  -0.360E-03
  10.500  -0.257E-03  -0.262E-03  -0.323E-03  -0.179E-03  -0.251E-03   0.246E-03  -0.359E-03
  10.520  -0.253E-03  -0.262E-03  -0.323E-03  -0.180E-03  -0.252E-03   0.243E-03  -0.359E-03
  10.540  -0.248E-03  -0.262E-03  -0.322E-03  -0.180E-03  -0.253E-03   0.240E-03  -0.358E-03
  10.560  -0.244E-03  -0.261E-03  -0.322E-03  -0.180E-03  -0.255E-03   0.237E-03  -0.357E-03
  10.580  -0.239E-03  -0.261E-03  -0.322E-03  -0.180E-03  -0.256E-03   0.234E-03  -0.357E-03
  10.600  -0.235E-03  -0.261E-03  -0.322E-03  -0.181E-03  -0.258E-03   0.231E-03  -0.356E-03
  10.620  -0.230E-03  -0.261E-03  -0.322E-03  -0.181E-03  -0.259E-03   0.228E-03  -0.355E-03
  10.640  -0.226E-03  -0.261E-03  -0.322E-03  -0.181E-03  -0.260E-03   0.225E-03  -0.354E-03
  10.660  -0.221E-03  -0.261E-03  -0.322E-03  -0.181E-03  -0.262E-03   0.222E-03  -0.354E-03
  10.680  -0.217E-03  -0.261E-03  -0.322E-03  -0.182E-03  -0.263E-03   0.219E-03  -0.353E-03
  10.700  -0.213E-03  -0.261E-03  -0.322E-03  -0.182E-03  -0.264E-03   0.216E-03  -0.352E-03
  10.720  -0.208E-03  -0.261E-03  -0.321E-03  -0.182E-03  -0.266E-03   0.213E-03  -0.352E-03
  10.740  -0.204E-03  -0.261E-03  -0.321E-03  -0.183E-03  -0.267E-03   0.210E-03  -0.351E-03
  10.760  -0.200E-03  -0.260E-03  -0.321E-03  -0.183E-03  -0.268E-03   0.207E-03  -0.350E-03
  10.780  -0.195E-03  -0.260E-03  -0.321E-03  -0.183E-03  -0.270E-03   0.204E-03  -0.350E-03
  10.800  -0.191E-03  -0.260E-03  -0.321E-03  -0.183E-03  -0.271E-03   0.202E-03  -0.349E-03
  10.820  -0.187E-03  -0.260E-03  -0.321E-03  -0.184E-03  -0.272E-03   0.199E-03  -0.348E-03
  10.840  -0.182E-03  -0.260E-03  -0.321E-03  -0.184E-03  -0.274E-03   0.196E-03  -0.348E-03
  10.860  -0.178E-03  -0.260E-03  -0.321E-03  -0.184E-03  -0.275E-03   0.193E-03  -0.347E-03
  10.880  -0.174E-03  -0.260E-03  -0.321E-03  -0.185E-03  -0.276E-03   0.190E-03  -0.346E-03
  10.900  -0.170E-03  -0.260E-03  -0.321E-03  -0.185E-03  -0.277E-03   0.187E-03  -0.345E-03
  10.920  -0.165E-03  -0.260E-03  -0.321E-03  -0.185E-03  -0.279E-03   0.184E-03  -0.345E-03
  10.940  -0.161E-03  -0.260E-03  -0.320E-03  -0.185E-03  -0.280E-03   0.181E-03  -0.344E-03
  10.960  -0.157E-03  -0.260E-03  -0.320E-03  -0.186E-03  -0.281E-03   0.178E-03  -0.343E-03
  10.980  -0.153E-03  -0.260E-03  -0.320E-03  -0.186E-03  -0.282E-03   0.176E-03  -0.343E-03
  11.000  -0.149E-03  -0.260E-03  -0.320E-03  -0.186E-03  -0.284E-03   0.173E-03  -0.342E-03
  11.020  -0.144E-03  -0.260E-03  -0.320E-03  -0.187E-03  -0.285E-03   0.170E-03  -0.342E-03
  11.040  -0.140E-03  -0.259E-03  -0.320E-03  -0.187E-03  -0.286E-03   0.167E-03  -0.341E-03
  11.060  -0.136E-03  -0.259E-03  -0.320E-03  -0.187E-03  -0.287E-03   0.164E-03  -0.340E-03
  11.080  -0.132E-03  -0.259E-03  -0.320E-03  -0.187E-03  -0.289E-03   0.161E-03  -0.340E-03
  11.100  -0.128E-03  -0.259E-03  -0.320E-03  -0.188E-03  -0.290E-03   0.158E-03  -0.339E-03
  11.120  -0.124E-03  -0.259E-03  -0.320E-03  -0.188E-03  -0.291E-03   0.156E-03  -0.338E-03
  11.140  -0.120E-03  -0.259E-03  -0.320E-03  -0.188E-03  -0.292E-03   0.153E-03  -0.338E-03
  11.160  -0.116E-03  -0.259E-03  -0.320E-03  -0.189E-03  -0.294E-03   0.150E-03  -0.337E-03
  11.180  -0.112E-03  -0.259E-03  -0.320E-03  -0.189E-03  -0.295E-03   0.147E-03  -0.336E-03
  11.200  -0.107E-03  -0.259E-03  -0.320E-03  -0.189E-03  -0.296E-03   0.144E-03  -0.336E-03
  11.220  -0.103E-03  -0.259E-03  -0.320E-03  -0.190E-03  -0.297E-03   0.141E-03  -0.335E-03
  11.240  -0.994E-04  -0.259E-03  -0.319E-03  -0.190E-03  -0.298E-03   0.139E-03  -0.334E-03
  11.260  -0.954E-04  -0.259E-03  -0.319E-03  -0.190E-03  -0.300E-03   0.136E-03  -0.334E-03
  11.280  -0.914E-04  -0.259E-03  -0.319E-03  -0.191E-03  -0.301E-03   0.133E-03  -0.333E-03
  11.300  -0.874E-04  -0.259E-03  -0.319E-03  -0.191E-03  -0.302E-03   0.130E-03  -0.333E-03
  11.320  -0.834E-04  -0.259E-03  -0.319E-03  -0.191E-03  -0.303E-03   0.127E-03  -0.332E-03
  11.340  -0.794E-04  -0.259E-03  -0.319E-03  -0.191E-03  -0.304E-03   0.125E-03  -0.331E-03
  11.360  -0.755E-04  -0.259E-03  -0.319E-03  -0.192E-03  -0.306E-03   0.122E-03  -0.331E-03
  11.380  -0.715E-04  -0.259E-03  -0.319E-03  -0.192E-03  -0.307E-03   0.119E-03  -0.330E-03
  11.400  -0.676E-04  -0.259E-03  -0.319E-03  -0.192E-03  -0.308E-03   0.116E-03  -0.330E-03
  11.420  -0.637E-04  -0.259E-03  -0.319E-03  -0.193E-03  -0.309E-03   0.114E-03  -0.329E-03
  11.440  -0.598E-04  -0.259E-03  -0.319E-03  -0.193E-03  -0.310E-03   0.111E-03  -0.328E-03
  11.460  -0.558E-04  -0.259E-03  -0.319E-03  -0.193E-03  -0.312E-03   0.108E-03  -0.328E-03
  11.480  -0.520E-04  -0.259E-03  -0.319E-03  -0.194E-03  -0.313E-03   0.105E-03  -0.327E-03
  11.500  -0.481E-04  -0.259E-03  -0.319E-03  -0.194E-03  -0.314E-03   0.103E-03  -0.327E-03
  11.520  -0.442E-04  -0.259E-03  -0.319E-03  -0.194E-03  -0.315E-03   0.999E-04  -0.326E-03
  11.540  -0.404E-04  -0.259E-03  -0.319E-03  -0.195E-03  -0.316E-03   0.972E-04  -0.325E-03
  11.560  -0.365E-04  -0.259E-03  -0.319E-03  -0.195E-03  -0.317E-03   0.945E-04  -0.325E-03
  11.580  -0.327E-04  -0.259E-03  -0.319E-03  -0.195E-03  -0.319E-03   0.918E-04  -0.324E-03
  11.600  -0.288E-04  -0.259E-03  -0.319E-03  -0.196E-03  -0.320E-03   0.891E-04  -0.324E-03
  11.620  -0.250E-04  -0.259E-03  -0.319E-03  -0.196E-03  -0.321E-03   0.864E-04  -0.323E-03
  11.640  -0.212E-04  -0.259E-03  -0.319E-03  -0.196E-03  -0.322E-03   0.837E-04  -0.323E-03
  11.660  -0.174E-04  -0.260E-03  -0.319E-03  -0.197E-03  -0.323E-03   0.810E-04  -0.322E-03
  11.680  -0.137E-04  -0.260E-03  -0.319E-03  -0.197E-03  -0.324E-03   0.783E-04  -0.321E-03
  11.700  -0.988E-05  -0.260E-03  -0.319E-03  -0.197E-03  -0.325E-03   0.757E-04  -0.321E-03
  11.720  -0.612E-05  -0.260E-03  -0.319E-03  -0.198E-03  -0.327E-03   0.730E-04  -0.320E-03
  11.740  -0.237E-05  -0.260E-03  -0.319E-03  -0.198E-03  -0.328E-03   0.703E-04  -0.320E-03
  11.760   0.137E-05  -0.260E-03  -0.319E-03  -0.198E-03  -0.329E-03   0.677E-04  -0.319E-03
  11.780   0.510E-05  -0.260E-03  -0.319E-03  -0.199E-03  -0.330E-03   0.650E-04  -0.319E-03
  11.800   0.882E-05  -0.260E-03  -0.319E-03  -0.199E-03  -0.331E-03   0.624E-04  -0.318E-03
  11.820   0.125E-04  -0.260E-03  -0.319E-03  -0.199E-03  -0.332E-03   0.598E-04  -0.318E-03
  11.840   0.162E-04  -0.260E-03  -0.319E-03  -0.200E-03  -0.334E-03   0.571E-04  -0.317E-03
  11.860   0.199E-04  -0.260E-03  -0.319E-03  -0.200E-03  -0.335E-03   0.545E-04  -0.317E-03
  11.880   0.236E-04  -0.260E-03  -0.319E-03  -0.200E-03  -0.336E-03   0.519E-04  -0.316E-03
  11.900   0.273E-04  -0.260E-03  -0.319E-03  -0.201E-03  -0.337E-03   0.493E-04  -0.316E-03
  11.920   0.309E-04  -0.260E-03  -0.319E-03  -0.201E-03  -0.338E-03   0.467E-04  -0.315E-03
  11.940   0.346E-04  -0.261E-03  -0.320E-03  -0.201E-03  -0.339E-03   0.441E-04  -0.315E-03
  11.960   0.382E-04  -0.261E-03  -0.320E-03  -0.202E-03  -0.340E-03   0.415E-04  -0.314E-03
  11.980   0.418E-04  -0.261E-03  -0.320E-03  -0.202E-03  -0.342E-03   0.389E-04  -0.314E-03
  12.000   0.455E-04  -0.261E-03  -0.320E-03  -0.202E-03  -0.343E-03   0.363E-04  -0.313E-03
  12.020   0.491E-04  -0.261E-03  -0.320E-03  -0.203E-03  -0.344E-03   0.337E-04  -0.313E-03
  12.040   0.527E-04  -0.261E-03  -0.320E-03  -0.203E-03  -0.345E-03   0.311E-04  -0.312E-03
  12.060   0.563E-04  -0.261E-03  -0.320E-03  -0.203E-03  -0.346E-03   0.286E-04  -0.312E-03
  12.080   0.598E-04  -0.261E-03  -0.320E-03  -0.204E-03  -0.347E-03   0.260E-04  -0.311E-03
  12.100   0.634E-04  -0.261E-03  -0.320E-03  -0.204E-03  -0.348E-03   0.235E-04  -0.311E-03
  12.120   0.670E-04  -0.262E-03  -0.320E-03  -0.204E-03  -0.350E-03   0.209E-04  -0.310E-03
  12.140   0.705E-04  -0.262E-03  -0.320E-03  -0.205E-03  -0.351E-03   0.184E-04  -0.310E-03
  12.160   0.741E-04  -0.262E-03  -0.320E-03  -0.205E-03  -0.352E-03   0.158E-04  -0.309E-03
  12.180   0.776E-04  -0.262E-03  -0.320E-03  -0.206E-03  -0.353E-03   0.133E-04  -0.309E-03
  12.200   0.811E-04  -0.262E-03  -0.321E-03  -0.206E-03  -0.354E-03   0.108E-04  -0.308E-03
  12.220   0.846E-04  -0.262E-03  -0.321E-03  -0.206E-03  -0.355E-03   0.827E-05  -0.308E-03
  12.240   0.881E-04  -0.262E-03  -0.321E-03  -0.207E-03  -0.356E-03   0.576E-05  -0.307E-03
  12.260   0.916E-04  -0.263E-03  -0.321E-03  -0.207E-03  -0.358E-03   0.326E-05  -0.307E-03
  12.280   0.951E-04  -0.263E-03  -0.321E-03  -0.207E-03  -0.359E-03   0.763E-06  -0.306E-03
  12.300   0.986E-04  -0.263E-03  -0.321E-03  -0.208E-03  -0.360E-03  -0.173E-05  -0.306E-03
  12.320   0.102E-03  -0.263E-03  -0.321E-03  -0.208E-03  -0.361E-03  -0.421E-05  -0.305E-03
  12.340   0.106E-03  -0.263E-03  -0.321E-03  -0.208E-03  -0.362E-03  -0.669E-05  -0.305E-03
  12.360   0.109E-03  -0.263E-03  -0.322E-03  -0.209E-03  -0.363E-03  -0.916E-05  -0.304E-03
  12.380   0.112E-03  -0.264E-03  -0.322E-03  -0.209E-03  -0.364E-03  -0.116E-04  -0.304E-03
  12.400   0.116E-03  -0.264E-03  -0.322E-03  -0.209E-03  -0.366E-03  -0.141E-04  -0.304E-03
  12.420   0.119E-03  -0.264E-03  -0.322E-03  -0.210E-03  -0.367E-03  -0.165E-04  -0.303E-03
  12.440   0.123E-03  -0.264E-03  -0.322E-03  -0.210E-03  -0.368E-03  -0.190E-04  -0.303E-03
  12.460   0.126E-03  -0.264E-03  -0.322E-03  -0.210E-03  -0.369E-03  -0.214E-04  -0.302E-03
