   0.000   -0.2684E+01    0.6183E+00    0.3063E+00   -0.2686E+01    0.6209E+00    0.3061E+00
   0.000   -0.2684E+01    0.6183E+00    0.3063E+00   -0.2686E+01    0.6209E+00    0.3061E+00
   0.020   -0.2535E+01    0.6194E+00    0.3082E+00   -0.2536E+01    0.6220E+00    0.3076E+00
   0.040   -0.2400E+01    0.6196E+00    0.3098E+00   -0.2401E+01    0.6222E+00    0.3088E+00
   0.060   -0.2278E+01    0.6192E+00    0.3111E+00   -0.2279E+01    0.6218E+00    0.3097E+00
   0.080   -0.2168E+01    0.6181E+00    0.3120E+00   -0.2169E+01    0.6207E+00    0.3103E+00
   0.100   -0.2068E+01    0.6165E+00    0.3127E+00   -0.2069E+01    0.6190E+00    0.3106E+00
   0.120   -0.1977E+01    0.6144E+00    0.3132E+00   -0.1978E+01    0.6169E+00    0.3108E+00
   0.140   -0.1894E+01    0.6118E+00    0.3135E+00   -0.1894E+01    0.6143E+00    0.3107E+00
   0.160   -0.1818E+01    0.6089E+00    0.3136E+00   -0.1818E+01    0.6114E+00    0.3105E+00
   0.180   -0.1748E+01    0.6057E+00    0.3135E+00   -0.1748E+01    0.6081E+00    0.3101E+00
   0.200   -0.1684E+01    0.6022E+00    0.3133E+00   -0.1683E+01    0.6045E+00    0.3096E+00
   0.220   -0.1624E+01    0.5984E+00    0.3131E+00   -0.1623E+01    0.6007E+00    0.3091E+00
   0.240   -0.1569E+01    0.5944E+00    0.3127E+00   -0.1568E+01    0.5967E+00    0.3084E+00
   0.260   -0.1518E+01    0.5903E+00    0.3122E+00   -0.1517E+01    0.5924E+00    0.3076E+00
   0.280   -0.1470E+01    0.5859E+00    0.3117E+00   -0.1469E+01    0.5880E+00    0.3068E+00
   0.300   -0.1426E+01    0.5814E+00    0.3111E+00   -0.1425E+01    0.5835E+00    0.3060E+00
   0.320   -0.1384E+01    0.5768E+00    0.3105E+00   -0.1383E+01    0.5789E+00    0.3051E+00
   0.340   -0.1345E+01    0.5721E+00    0.3098E+00   -0.1344E+01    0.5741E+00    0.3041E+00
   0.360   -0.1309E+01    0.5673E+00    0.3090E+00   -0.1307E+01    0.5692E+00    0.3031E+00
   0.380   -0.1274E+01    0.5624E+00    0.3083E+00   -0.1273E+01    0.5643E+00    0.3021E+00
   0.400   -0.1242E+01    0.5575E+00    0.3075E+00   -0.1240E+01    0.5593E+00    0.3011E+00
   0.420   -0.1211E+01    0.5525E+00    0.3067E+00   -0.1209E+01    0.5542E+00    0.3001E+00
   0.440   -0.1182E+01    0.5475E+00    0.3059E+00   -0.1180E+01    0.5491E+00    0.2991E+00
   0.460   -0.1155E+01    0.5424E+00    0.3051E+00   -0.1152E+01    0.5440E+00    0.2980E+00
   0.480   -0.1128E+01    0.5373E+00    0.3043E+00   -0.1126E+01    0.5389E+00    0.2970E+00
   0.500   -0.1103E+01    0.5321E+00    0.3035E+00   -0.1101E+01    0.5337E+00    0.2960E+00
   0.520   -0.1080E+01    0.5270E+00    0.3027E+00   -0.1077E+01    0.5285E+00    0.2949E+00
   0.540   -0.1057E+01    0.5218E+00    0.3018E+00   -0.1054E+01    0.5233E+00    0.2939E+00
   0.560   -0.1035E+01    0.5167E+00    0.3010E+00   -0.1032E+01    0.5181E+00    0.2929E+00
   0.580   -0.1014E+01    0.5115E+00    0.3002E+00   -0.1012E+01    0.5129E+00    0.2919E+00
   0.600   -0.9943E+00    0.5064E+00    0.2994E+00   -0.9916E+00    0.5077E+00    0.2909E+00
   0.620   -0.9751E+00    0.5012E+00    0.2986E+00   -0.9724E+00    0.5025E+00    0.2900E+00
   0.640   -0.9567E+00    0.4961E+00    0.2979E+00   -0.9539E+00    0.4974E+00    0.2890E+00
   0.660   -0.9389E+00    0.4910E+00    0.2971E+00   -0.9361E+00    0.4922E+00    0.2881E+00
   0.680   -0.9218E+00    0.4859E+00    0.2964E+00   -0.9190E+00    0.4871E+00    0.2871E+00
   0.700   -0.9053E+00    0.4808E+00    0.2956E+00   -0.9024E+00    0.4820E+00    0.2862E+00
   0.720   -0.8893E+00    0.4758E+00    0.2949E+00   -0.8865E+00    0.4769E+00    0.2854E+00
   0.740   -0.8740E+00    0.4707E+00    0.2942E+00   -0.8711E+00    0.4719E+00    0.2845E+00
   0.760   -0.8591E+00    0.4657E+00    0.2935E+00   -0.8562E+00    0.4669E+00    0.2837E+00
   0.780   -0.8446E+00    0.4608E+00    0.2928E+00   -0.8418E+00    0.4619E+00    0.2828E+00
   0.800   -0.8307E+00    0.4558E+00    0.2922E+00   -0.8278E+00    0.4570E+00    0.2820E+00
   0.820   -0.8171E+00    0.4510E+00    0.2915E+00   -0.8143E+00    0.4521E+00    0.2813E+00
   0.840   -0.8040E+00    0.4461E+00    0.2909E+00   -0.8012E+00    0.4472E+00    0.2805E+00
   0.860   -0.7913E+00    0.4413E+00    0.2903E+00   -0.7885E+00    0.4424E+00    0.2798E+00
   0.880   -0.7789E+00    0.4365E+00    0.2897E+00   -0.7761E+00    0.4376E+00    0.2791E+00
   0.900   -0.7669E+00    0.4317E+00    0.2891E+00   -0.7641E+00    0.4328E+00    0.2784E+00
   0.920   -0.7552E+00    0.4270E+00    0.2886E+00   -0.7525E+00    0.4281E+00    0.2777E+00
   0.940   -0.7438E+00    0.4223E+00    0.2880E+00   -0.7411E+00    0.4234E+00    0.2770E+00
   0.960   -0.7327E+00    0.4177E+00    0.2875E+00   -0.7301E+00    0.4188E+00    0.2764E+00
   0.980   -0.7220E+00    0.4131E+00    0.2870E+00   -0.7194E+00    0.4142E+00    0.2758E+00
   1.000   -0.7115E+00    0.4086E+00    0.2865E+00   -0.7089E+00    0.4097E+00    0.2752E+00
   1.020   -0.7013E+00    0.4041E+00    0.2860E+00   -0.6987E+00    0.4052E+00    0.2746E+00
   1.040   -0.6913E+00    0.3996E+00    0.2855E+00   -0.6888E+00    0.4007E+00    0.2741E+00
   1.060   -0.6816E+00    0.3952E+00    0.2851E+00   -0.6791E+00    0.3963E+00    0.2735E+00
   1.080   -0.6721E+00    0.3908E+00    0.2846E+00   -0.6697E+00    0.3919E+00    0.2730E+00
   1.100   -0.6629E+00    0.3865E+00    0.2842E+00   -0.6605E+00    0.3876E+00    0.2725E+00
   1.120   -0.6539E+00    0.3823E+00    0.2838E+00   -0.6515E+00    0.3834E+00    0.2720E+00
   1.140   -0.6451E+00    0.3780E+00    0.2834E+00   -0.6428E+00    0.3791E+00    0.2716E+00
   1.160   -0.6365E+00    0.3738E+00    0.2830E+00   -0.6343E+00    0.3750E+00    0.2711E+00
   1.180   -0.6281E+00    0.3697E+00    0.2826E+00   -0.6259E+00    0.3708E+00    0.2707E+00
   1.200   -0.6199E+00    0.3656E+00    0.2822E+00   -0.6178E+00    0.3668E+00    0.2702E+00
   1.220   -0.6119E+00    0.3616E+00    0.2819E+00   -0.6098E+00    0.3627E+00    0.2698E+00
   1.240   -0.6041E+00    0.3576E+00    0.2815E+00   -0.6021E+00    0.3587E+00    0.2694E+00
   1.260   -0.5965E+00    0.3536E+00    0.2812E+00   -0.5945E+00    0.3548E+00    0.2690E+00
   1.280   -0.5890E+00    0.3497E+00    0.2808E+00   -0.5871E+00    0.3509E+00    0.2687E+00
   1.300   -0.5817E+00    0.3458E+00    0.2805E+00   -0.5798E+00    0.3470E+00    0.2683E+00
   1.320   -0.5746E+00    0.3420E+00    0.2802E+00   -0.5728E+00    0.3432E+00    0.2679E+00
   1.340   -0.5676E+00    0.3383E+00    0.2798E+00   -0.5658E+00    0.3395E+00    0.2676E+00
   1.360   -0.5608E+00    0.3346E+00    0.2795E+00   -0.5591E+00    0.3358E+00    0.2673E+00
   1.380   -0.5542E+00    0.3309E+00    0.2792E+00   -0.5525E+00    0.3321E+00    0.2669E+00
   1.400   -0.5476E+00    0.3273E+00    0.2789E+00   -0.5460E+00    0.3285E+00    0.2666E+00
   1.420   -0.5413E+00    0.3237E+00    0.2786E+00   -0.5397E+00    0.3249E+00    0.2663E+00
   1.440   -0.5350E+00    0.3201E+00    0.2783E+00   -0.5335E+00    0.3214E+00    0.2660E+00
   1.460   -0.5289E+00    0.3167E+00    0.2780E+00   -0.5274E+00    0.3179E+00    0.2657E+00
   1.480   -0.5230E+00    0.3132E+00    0.2777E+00   -0.5215E+00    0.3145E+00    0.2654E+00
   1.500   -0.5171E+00    0.3098E+00    0.2774E+00   -0.5157E+00    0.3111E+00    0.2651E+00
   1.520   -0.5114E+00    0.3065E+00    0.2771E+00   -0.5100E+00    0.3077E+00    0.2648E+00
   1.540   -0.5058E+00    0.3032E+00    0.2768E+00   -0.5045E+00    0.3044E+00    0.2645E+00
   1.560   -0.5003E+00    0.2999E+00    0.2765E+00   -0.4990E+00    0.3012E+00    0.2642E+00
   1.580   -0.4949E+00    0.2967E+00    0.2762E+00   -0.4937E+00    0.2980E+00    0.2639E+00
   1.600   -0.4897E+00    0.2935E+00    0.2758E+00   -0.4885E+00    0.2948E+00    0.2636E+00
   1.620   -0.4845E+00    0.2904E+00    0.2755E+00   -0.4834E+00    0.2917E+00    0.2633E+00
   1.640   -0.4795E+00    0.2873E+00    0.2752E+00   -0.4784E+00    0.2886E+00    0.2630E+00
   1.660   -0.4746E+00    0.2842E+00    0.2749E+00   -0.4736E+00    0.2855E+00    0.2627E+00
   1.680   -0.4698E+00    0.2812E+00    0.2745E+00   -0.4688E+00    0.2825E+00    0.2624E+00
   1.700   -0.4650E+00    0.2783E+00    0.2742E+00   -0.4641E+00    0.2796E+00    0.2621E+00
   1.720   -0.4604E+00    0.2754E+00    0.2739E+00   -0.4595E+00    0.2766E+00    0.2618E+00
   1.740   -0.4559E+00    0.2725E+00    0.2735E+00   -0.4550E+00    0.2738E+00    0.2615E+00
   1.760   -0.4514E+00    0.2697E+00    0.2731E+00   -0.4506E+00    0.2709E+00    0.2611E+00
   1.780   -0.4471E+00    0.2669E+00    0.2728E+00   -0.4463E+00    0.2681E+00    0.2608E+00
   1.800   -0.4428E+00    0.2641E+00    0.2724E+00   -0.4421E+00    0.2653E+00    0.2605E+00
   1.820   -0.4386E+00    0.2614E+00    0.2720E+00   -0.4379E+00    0.2626E+00    0.2601E+00
   1.840   -0.4345E+00    0.2587E+00    0.2716E+00   -0.4339E+00    0.2599E+00    0.2598E+00
   1.860   -0.4305E+00    0.2561E+00    0.2712E+00   -0.4299E+00    0.2573E+00    0.2594E+00
   1.880   -0.4266E+00    0.2535E+00    0.2707E+00   -0.4260E+00    0.2547E+00    0.2590E+00
   1.900   -0.4228E+00    0.2509E+00    0.2703E+00   -0.4222E+00    0.2521E+00    0.2587E+00
   1.920   -0.4190E+00    0.2484E+00    0.2698E+00   -0.4185E+00    0.2496E+00    0.2583E+00
   1.940   -0.4153E+00    0.2459E+00    0.2694E+00   -0.4148E+00    0.2471E+00    0.2579E+00
   1.960   -0.4117E+00    0.2435E+00    0.2689E+00   -0.4112E+00    0.2446E+00    0.2575E+00
   1.980   -0.4081E+00    0.2411E+00    0.2684E+00   -0.4077E+00    0.2422E+00    0.2570E+00
   2.000   -0.4046E+00    0.2387E+00    0.2679E+00   -0.4042E+00    0.2398E+00    0.2566E+00
   2.020   -0.4012E+00    0.2363E+00    0.2674E+00   -0.4009E+00    0.2374E+00    0.2561E+00
   2.040   -0.3979E+00    0.2340E+00    0.2669E+00   -0.3975E+00    0.2351E+00    0.2557E+00
   2.060   -0.3946E+00    0.2318E+00    0.2663E+00   -0.3943E+00    0.2328E+00    0.2552E+00
   2.080   -0.3914E+00    0.2295E+00    0.2657E+00   -0.3911E+00    0.2306E+00    0.2547E+00
   2.100   -0.3882E+00    0.2273E+00    0.2652E+00   -0.3880E+00    0.2283E+00    0.2542E+00
   2.120   -0.3851E+00    0.2252E+00    0.2646E+00   -0.3849E+00    0.2262E+00    0.2537E+00
   2.140   -0.3821E+00    0.2230E+00    0.2640E+00   -0.3819E+00    0.2240E+00    0.2531E+00
   2.160   -0.3791E+00    0.2209E+00    0.2633E+00   -0.3789E+00    0.2219E+00    0.2526E+00
   2.180   -0.3761E+00    0.2189E+00    0.2627E+00   -0.3760E+00    0.2198E+00    0.2520E+00
   2.200   -0.3733E+00    0.2168E+00    0.2620E+00   -0.3731E+00    0.2177E+00    0.2514E+00
   2.220   -0.3705E+00    0.2148E+00    0.2614E+00   -0.3703E+00    0.2157E+00    0.2508E+00
   2.240   -0.3677E+00    0.2128E+00    0.2607E+00   -0.3676E+00    0.2137E+00    0.2502E+00
   2.260   -0.3650E+00    0.2109E+00    0.2600E+00   -0.3649E+00    0.2117E+00    0.2496E+00
   2.280   -0.3623E+00    0.2090E+00    0.2592E+00   -0.3623E+00    0.2097E+00    0.2489E+00
   2.300   -0.3597E+00    0.2071E+00    0.2585E+00   -0.3597E+00    0.2078E+00    0.2483E+00
   2.320   -0.3571E+00    0.2052E+00    0.2577E+00   -0.3571E+00    0.2059E+00    0.2476E+00
   2.340   -0.3546E+00    0.2034E+00    0.2569E+00   -0.3546E+00    0.2040E+00    0.2469E+00
   2.360   -0.3521E+00    0.2016E+00    0.2562E+00   -0.3521E+00    0.2022E+00    0.2462E+00
   2.380   -0.3497E+00    0.1998E+00    0.2553E+00   -0.3497E+00    0.2004E+00    0.2455E+00
   2.400   -0.3473E+00    0.1980E+00    0.2545E+00   -0.3473E+00    0.1986E+00    0.2447E+00
   2.420   -0.3450E+00    0.1963E+00    0.2537E+00   -0.3450E+00    0.1968E+00    0.2440E+00
   2.440   -0.3426E+00    0.1946E+00    0.2528E+00   -0.3427E+00    0.1951E+00    0.2432E+00
   2.460   -0.3404E+00    0.1929E+00    0.2519E+00   -0.3404E+00    0.1934E+00    0.2424E+00
   2.480   -0.3381E+00    0.1913E+00    0.2510E+00   -0.3382E+00    0.1917E+00    0.2416E+00
   2.500   -0.3359E+00    0.1897E+00    0.2501E+00   -0.3360E+00    0.1901E+00    0.2407E+00
   2.520   -0.3338E+00    0.1881E+00    0.2492E+00   -0.3339E+00    0.1884E+00    0.2399E+00
   2.540   -0.3317E+00    0.1865E+00    0.2483E+00   -0.3317E+00    0.1868E+00    0.2390E+00
   2.560   -0.3296E+00    0.1849E+00    0.2473E+00   -0.3297E+00    0.1852E+00    0.2382E+00
   2.580   -0.3275E+00    0.1834E+00    0.2463E+00   -0.3276E+00    0.1836E+00    0.2373E+00
   2.600   -0.3255E+00    0.1819E+00    0.2453E+00   -0.3256E+00    0.1821E+00    0.2363E+00
   2.620   -0.3235E+00    0.1804E+00    0.2443E+00   -0.3236E+00    0.1806E+00    0.2354E+00
   2.640   -0.3215E+00    0.1790E+00    0.2433E+00   -0.3216E+00    0.1791E+00    0.2345E+00
   2.660   -0.3196E+00    0.1775E+00    0.2423E+00   -0.3197E+00    0.1776E+00    0.2335E+00
   2.680   -0.3177E+00    0.1761E+00    0.2412E+00   -0.3178E+00    0.1761E+00    0.2325E+00
   2.700   -0.3158E+00    0.1747E+00    0.2402E+00   -0.3160E+00    0.1747E+00    0.2316E+00
   2.720   -0.3140E+00    0.1733E+00    0.2391E+00   -0.3141E+00    0.1733E+00    0.2306E+00
   2.740   -0.3122E+00    0.1720E+00    0.2380E+00   -0.3123E+00    0.1719E+00    0.2295E+00
   2.760   -0.3104E+00    0.1706E+00    0.2369E+00   -0.3105E+00    0.1705E+00    0.2285E+00
   2.780   -0.3086E+00    0.1693E+00    0.2358E+00   -0.3088E+00    0.1692E+00    0.2275E+00
   2.800   -0.3069E+00    0.1680E+00    0.2346E+00   -0.3070E+00    0.1678E+00    0.2264E+00
   2.820   -0.3052E+00    0.1667E+00    0.2335E+00   -0.3053E+00    0.1665E+00    0.2254E+00
   2.840   -0.3035E+00    0.1655E+00    0.2323E+00   -0.3036E+00    0.1652E+00    0.2243E+00
   2.860   -0.3018E+00    0.1642E+00    0.2312E+00   -0.3019E+00    0.1639E+00    0.2232E+00
   2.880   -0.3002E+00    0.1630E+00    0.2300E+00   -0.3003E+00    0.1627E+00    0.2221E+00
   2.900   -0.2986E+00    0.1618E+00    0.2288E+00   -0.2987E+00    0.1614E+00    0.2210E+00
   2.920   -0.2970E+00    0.1606E+00    0.2276E+00   -0.2971E+00    0.1602E+00    0.2199E+00
   2.940   -0.2954E+00    0.1595E+00    0.2264E+00   -0.2955E+00    0.1590E+00    0.2187E+00
   2.960   -0.2938E+00    0.1583E+00    0.2252E+00   -0.2939E+00    0.1578E+00    0.2176E+00
   2.980   -0.2923E+00    0.1572E+00    0.2240E+00   -0.2924E+00    0.1566E+00    0.2164E+00
   3.000   -0.2908E+00    0.1560E+00    0.2227E+00   -0.2908E+00    0.1554E+00    0.2153E+00
   3.020   -0.2893E+00    0.1549E+00    0.2215E+00   -0.2893E+00    0.1543E+00    0.2141E+00
   3.040   -0.2878E+00    0.1539E+00    0.2202E+00   -0.2878E+00    0.1531E+00    0.2129E+00
   3.060   -0.2863E+00    0.1528E+00    0.2190E+00   -0.2864E+00    0.1520E+00    0.2117E+00
   3.080   -0.2849E+00    0.1517E+00    0.2177E+00   -0.2849E+00    0.1509E+00    0.2105E+00
   3.100   -0.2834E+00    0.1507E+00    0.2164E+00   -0.2835E+00    0.1499E+00    0.2093E+00
   3.120   -0.2820E+00    0.1496E+00    0.2152E+00   -0.2820E+00    0.1488E+00    0.2081E+00
   3.140   -0.2806E+00    0.1486E+00    0.2139E+00   -0.2806E+00    0.1477E+00    0.2069E+00
   3.160   -0.2792E+00    0.1476E+00    0.2126E+00   -0.2792E+00    0.1467E+00    0.2057E+00
   3.180   -0.2779E+00    0.1466E+00    0.2113E+00   -0.2779E+00    0.1457E+00    0.2045E+00
   3.200   -0.2765E+00    0.1457E+00    0.2100E+00   -0.2765E+00    0.1446E+00    0.2032E+00
   3.220   -0.2752E+00    0.1447E+00    0.2087E+00   -0.2752E+00    0.1437E+00    0.2020E+00
   3.240   -0.2738E+00    0.1438E+00    0.2074E+00   -0.2738E+00    0.1427E+00    0.2008E+00
   3.260   -0.2725E+00    0.1428E+00    0.2061E+00   -0.2725E+00    0.1417E+00    0.1995E+00
   3.280   -0.2712E+00    0.1419E+00    0.2048E+00   -0.2712E+00    0.1407E+00    0.1983E+00
   3.300   -0.2699E+00    0.1410E+00    0.2035E+00   -0.2699E+00    0.1398E+00    0.1970E+00
   3.320   -0.2686E+00    0.1401E+00    0.2022E+00   -0.2686E+00    0.1389E+00    0.1958E+00
   3.340   -0.2674E+00    0.1392E+00    0.2008E+00   -0.2673E+00    0.1379E+00    0.1945E+00
   3.360   -0.2661E+00    0.1384E+00    0.1995E+00   -0.2661E+00    0.1370E+00    0.1933E+00
   3.380   -0.2649E+00    0.1375E+00    0.1982E+00   -0.2648E+00    0.1361E+00    0.1920E+00
   3.400   -0.2636E+00    0.1367E+00    0.1969E+00   -0.2636E+00    0.1353E+00    0.1908E+00
   3.420   -0.2624E+00    0.1358E+00    0.1956E+00   -0.2623E+00    0.1344E+00    0.1895E+00
   3.440   -0.2612E+00    0.1350E+00    0.1942E+00   -0.2611E+00    0.1335E+00    0.1883E+00
   3.460   -0.2600E+00    0.1342E+00    0.1929E+00   -0.2599E+00    0.1327E+00    0.1870E+00
   3.480   -0.2588E+00    0.1334E+00    0.1916E+00   -0.2587E+00    0.1318E+00    0.1857E+00
   3.500   -0.2577E+00    0.1326E+00    0.1903E+00   -0.2575E+00    0.1310E+00    0.1845E+00
   3.520   -0.2565E+00    0.1318E+00    0.1890E+00   -0.2564E+00    0.1302E+00    0.1832E+00
   3.540   -0.2553E+00    0.1310E+00    0.1877E+00   -0.2552E+00    0.1294E+00    0.1820E+00
   3.560   -0.2542E+00    0.1303E+00    0.1864E+00   -0.2540E+00    0.1286E+00    0.1807E+00
   3.580   -0.2530E+00    0.1295E+00    0.1851E+00   -0.2529E+00    0.1278E+00    0.1795E+00
   3.600   -0.2519E+00    0.1288E+00    0.1838E+00   -0.2517E+00    0.1271E+00    0.1782E+00
   3.620   -0.2508E+00    0.1281E+00    0.1825E+00   -0.2506E+00    0.1263E+00    0.1770E+00
   3.640   -0.2497E+00    0.1273E+00    0.1812E+00   -0.2495E+00    0.1255E+00    0.1758E+00
   3.660   -0.2486E+00    0.1266E+00    0.1799E+00   -0.2484E+00    0.1248E+00    0.1745E+00
   3.680   -0.2475E+00    0.1259E+00    0.1786E+00   -0.2473E+00    0.1241E+00    0.1733E+00
   3.700   -0.2464E+00    0.1252E+00    0.1773E+00   -0.2462E+00    0.1233E+00    0.1721E+00
   3.720   -0.2453E+00    0.1246E+00    0.1760E+00   -0.2451E+00    0.1226E+00    0.1708E+00
   3.740   -0.2442E+00    0.1239E+00    0.1748E+00   -0.2440E+00    0.1219E+00    0.1696E+00
   3.760   -0.2431E+00    0.1232E+00    0.1735E+00   -0.2429E+00    0.1212E+00    0.1684E+00
   3.780   -0.2421E+00    0.1226E+00    0.1722E+00   -0.2419E+00    0.1206E+00    0.1672E+00
   3.800   -0.2410E+00    0.1219E+00    0.1710E+00   -0.2408E+00    0.1199E+00    0.1660E+00
   3.820   -0.2400E+00    0.1213E+00    0.1697E+00   -0.2397E+00    0.1192E+00    0.1648E+00
   3.840   -0.2389E+00    0.1206E+00    0.1685E+00   -0.2387E+00    0.1186E+00    0.1636E+00
   3.860   -0.2379E+00    0.1200E+00    0.1672E+00   -0.2377E+00    0.1179E+00    0.1624E+00
   3.880   -0.2369E+00    0.1194E+00    0.1660E+00   -0.2366E+00    0.1173E+00    0.1613E+00
   3.900   -0.2359E+00    0.1188E+00    0.1648E+00   -0.2356E+00    0.1166E+00    0.1601E+00
   3.920   -0.2349E+00    0.1182E+00    0.1636E+00   -0.2346E+00    0.1160E+00    0.1589E+00
   3.940   -0.2339E+00    0.1176E+00    0.1623E+00   -0.2336E+00    0.1154E+00    0.1578E+00
   3.960   -0.2329E+00    0.1170E+00    0.1611E+00   -0.2326E+00    0.1148E+00    0.1566E+00
   3.980   -0.2319E+00    0.1164E+00    0.1599E+00   -0.2316E+00    0.1142E+00    0.1555E+00
   4.000   -0.2309E+00    0.1158E+00    0.1588E+00   -0.2306E+00    0.1136E+00    0.1543E+00
   4.020   -0.2299E+00    0.1153E+00    0.1576E+00   -0.2296E+00    0.1130E+00    0.1532E+00
   4.040   -0.2289E+00    0.1147E+00    0.1564E+00   -0.2286E+00    0.1124E+00    0.1521E+00
   4.060   -0.2280E+00    0.1142E+00    0.1552E+00   -0.2277E+00    0.1119E+00    0.1510E+00
   4.080   -0.2270E+00    0.1136E+00    0.1541E+00   -0.2267E+00    0.1113E+00    0.1498E+00
   4.100   -0.2261E+00    0.1131E+00    0.1529E+00   -0.2257E+00    0.1107E+00    0.1487E+00
   4.120   -0.2251E+00    0.1125E+00    0.1518E+00   -0.2248E+00    0.1102E+00    0.1477E+00
   4.140   -0.2242E+00    0.1120E+00    0.1507E+00   -0.2238E+00    0.1097E+00    0.1466E+00
   4.160   -0.2232E+00    0.1115E+00    0.1496E+00   -0.2229E+00    0.1091E+00    0.1455E+00
   4.180   -0.2223E+00    0.1110E+00    0.1484E+00   -0.2220E+00    0.1086E+00    0.1444E+00
   4.200   -0.2214E+00    0.1105E+00    0.1473E+00   -0.2210E+00    0.1081E+00    0.1434E+00
   4.220   -0.2205E+00    0.1100E+00    0.1463E+00   -0.2201E+00    0.1076E+00    0.1423E+00
   4.240   -0.2195E+00    0.1095E+00    0.1452E+00   -0.2192E+00    0.1070E+00    0.1413E+00
   4.260   -0.2186E+00    0.1090E+00    0.1441E+00   -0.2183E+00    0.1065E+00    0.1403E+00
   4.280   -0.2177E+00    0.1085E+00    0.1430E+00   -0.2174E+00    0.1060E+00    0.1392E+00
   4.300   -0.2168E+00    0.1080E+00    0.1420E+00   -0.2165E+00    0.1056E+00    0.1382E+00
   4.320   -0.2159E+00    0.1076E+00    0.1409E+00   -0.2156E+00    0.1051E+00    0.1372E+00
   4.340   -0.2150E+00    0.1071E+00    0.1399E+00   -0.2147E+00    0.1046E+00    0.1362E+00
   4.360   -0.2142E+00    0.1066E+00    0.1389E+00   -0.2138E+00    0.1041E+00    0.1353E+00
   4.380   -0.2133E+00    0.1062E+00    0.1378E+00   -0.2129E+00    0.1037E+00    0.1343E+00
   4.400   -0.2124E+00    0.1057E+00    0.1368E+00   -0.2120E+00    0.1032E+00    0.1333E+00
   4.420   -0.2116E+00    0.1053E+00    0.1358E+00   -0.2112E+00    0.1027E+00    0.1324E+00
   4.440   -0.2107E+00    0.1048E+00    0.1348E+00   -0.2103E+00    0.1023E+00    0.1314E+00
   4.460   -0.2098E+00    0.1044E+00    0.1339E+00   -0.2094E+00    0.1018E+00    0.1305E+00
   4.480   -0.2090E+00    0.1040E+00    0.1329E+00   -0.2086E+00    0.1014E+00    0.1295E+00
   4.500   -0.2081E+00    0.1035E+00    0.1319E+00   -0.2077E+00    0.1010E+00    0.1286E+00
   4.520   -0.2073E+00    0.1031E+00    0.1310E+00   -0.2069E+00    0.1005E+00    0.1277E+00
   4.540   -0.2064E+00    0.1027E+00    0.1300E+00   -0.2060E+00    0.1001E+00    0.1268E+00
   4.560   -0.2056E+00    0.1023E+00    0.1291E+00   -0.2052E+00    0.9968E-01    0.1259E+00
   4.580   -0.2048E+00    0.1019E+00    0.1282E+00   -0.2044E+00    0.9927E-01    0.1250E+00
   4.600   -0.2040E+00    0.1014E+00    0.1273E+00   -0.2036E+00    0.9886E-01    0.1242E+00
   4.620   -0.2031E+00    0.1010E+00    0.1264E+00   -0.2027E+00    0.9845E-01    0.1233E+00
   4.640   -0.2023E+00    0.1006E+00    0.1255E+00   -0.2019E+00    0.9805E-01    0.1224E+00
   4.660   -0.2015E+00    0.1002E+00    0.1246E+00   -0.2011E+00    0.9765E-01    0.1216E+00
   4.680   -0.2007E+00    0.9986E-01    0.1237E+00   -0.2003E+00    0.9725E-01    0.1208E+00
   4.700   -0.1999E+00    0.9947E-01    0.1228E+00   -0.1995E+00    0.9686E-01    0.1199E+00
   4.720   -0.1991E+00    0.9908E-01    0.1220E+00   -0.1987E+00    0.9648E-01    0.1191E+00
   4.740   -0.1983E+00    0.9870E-01    0.1211E+00   -0.1979E+00    0.9609E-01    0.1183E+00
   4.760   -0.1975E+00    0.9832E-01    0.1203E+00   -0.1971E+00    0.9572E-01    0.1175E+00
   4.780   -0.1967E+00    0.9795E-01    0.1195E+00   -0.1963E+00    0.9534E-01    0.1167E+00
   4.800   -0.1960E+00    0.9758E-01    0.1186E+00   -0.1955E+00    0.9497E-01    0.1159E+00
   4.820   -0.1952E+00    0.9721E-01    0.1178E+00   -0.1948E+00    0.9460E-01    0.1152E+00
   4.840   -0.1944E+00    0.9685E-01    0.1170E+00   -0.1940E+00    0.9424E-01    0.1144E+00
   4.860   -0.1937E+00    0.9648E-01    0.1162E+00   -0.1932E+00    0.9388E-01    0.1136E+00
   4.880   -0.1929E+00    0.9613E-01    0.1155E+00   -0.1925E+00    0.9352E-01    0.1129E+00
   4.900   -0.1921E+00    0.9577E-01    0.1147E+00   -0.1917E+00    0.9317E-01    0.1122E+00
   4.920   -0.1914E+00    0.9542E-01    0.1139E+00   -0.1910E+00    0.9282E-01    0.1114E+00
   4.940   -0.1906E+00    0.9507E-01    0.1132E+00   -0.1902E+00    0.9247E-01    0.1107E+00
   4.960   -0.1899E+00    0.9472E-01    0.1124E+00   -0.1895E+00    0.9213E-01    0.1100E+00
   4.980   -0.1891E+00    0.9438E-01    0.1117E+00   -0.1887E+00    0.9179E-01    0.1093E+00
   5.000   -0.1884E+00    0.9404E-01    0.1109E+00   -0.1880E+00    0.9145E-01    0.1086E+00
   5.020   -0.1877E+00    0.9370E-01    0.1102E+00   -0.1872E+00    0.9111E-01    0.1079E+00
   5.040   -0.1869E+00    0.9336E-01    0.1095E+00   -0.1865E+00    0.9078E-01    0.1072E+00
   5.060   -0.1862E+00    0.9303E-01    0.1088E+00   -0.1858E+00    0.9045E-01    0.1065E+00
   5.080   -0.1855E+00    0.9270E-01    0.1081E+00   -0.1851E+00    0.9013E-01    0.1059E+00
   5.100   -0.1847E+00    0.9237E-01    0.1074E+00   -0.1843E+00    0.8980E-01    0.1052E+00
   5.120   -0.1840E+00    0.9204E-01    0.1067E+00   -0.1836E+00    0.8948E-01    0.1046E+00
   5.140   -0.1833E+00    0.9172E-01    0.1060E+00   -0.1829E+00    0.8916E-01    0.1039E+00
   5.160   -0.1826E+00    0.9139E-01    0.1054E+00   -0.1822E+00    0.8885E-01    0.1033E+00
   5.180   -0.1819E+00    0.9107E-01    0.1047E+00   -0.1815E+00    0.8853E-01    0.1027E+00
   5.200   -0.1812E+00    0.9076E-01    0.1041E+00   -0.1808E+00    0.8822E-01    0.1020E+00
   5.220   -0.1805E+00    0.9044E-01    0.1034E+00   -0.1801E+00    0.8792E-01    0.1014E+00
   5.240   -0.1798E+00    0.9013E-01    0.1028E+00   -0.1794E+00    0.8761E-01    0.1008E+00
   5.260   -0.1791E+00    0.8982E-01    0.1021E+00   -0.1787E+00    0.8731E-01    0.1002E+00
   5.280   -0.1784E+00    0.8951E-01    0.1015E+00   -0.1780E+00    0.8700E-01    0.9961E-01
   5.300   -0.1777E+00    0.8920E-01    0.1009E+00   -0.1773E+00    0.8670E-01    0.9902E-01
   5.320   -0.1771E+00    0.8889E-01    0.1003E+00   -0.1766E+00    0.8641E-01    0.9844E-01
   5.340   -0.1764E+00    0.8859E-01    0.9967E-01   -0.1760E+00    0.8611E-01    0.9786E-01
   5.360   -0.1757E+00    0.8829E-01    0.9908E-01   -0.1753E+00    0.8582E-01    0.9729E-01
   5.380   -0.1750E+00    0.8799E-01    0.9848E-01   -0.1746E+00    0.8553E-01    0.9673E-01
   5.400   -0.1744E+00    0.8769E-01    0.9790E-01   -0.1740E+00    0.8524E-01    0.9617E-01
   5.420   -0.1737E+00    0.8739E-01    0.9732E-01   -0.1733E+00    0.8495E-01    0.9562E-01
   5.440   -0.1730E+00    0.8710E-01    0.9674E-01   -0.1726E+00    0.8466E-01    0.9507E-01
   5.460   -0.1724E+00    0.8680E-01    0.9618E-01   -0.1720E+00    0.8438E-01    0.9453E-01
   5.480   -0.1717E+00    0.8651E-01    0.9561E-01   -0.1713E+00    0.8410E-01    0.9400E-01
   5.500   -0.1710E+00    0.8622E-01    0.9506E-01   -0.1707E+00    0.8381E-01    0.9347E-01
   5.520   -0.1704E+00    0.8593E-01    0.9451E-01   -0.1700E+00    0.8353E-01    0.9294E-01
   5.540   -0.1697E+00    0.8564E-01    0.9396E-01   -0.1694E+00    0.8326E-01    0.9242E-01
   5.560   -0.1691E+00    0.8535E-01    0.9342E-01   -0.1687E+00    0.8298E-01    0.9191E-01
   5.580   -0.1685E+00    0.8506E-01    0.9288E-01   -0.1681E+00    0.8270E-01    0.9140E-01
   5.600   -0.1678E+00    0.8478E-01    0.9235E-01   -0.1674E+00    0.8243E-01    0.9089E-01
   5.620   -0.1672E+00    0.8449E-01    0.9183E-01   -0.1668E+00    0.8216E-01    0.9039E-01
   5.640   -0.1665E+00    0.8421E-01    0.9131E-01   -0.1662E+00    0.8188E-01    0.8990E-01
   5.660   -0.1659E+00    0.8393E-01    0.9079E-01   -0.1655E+00    0.8161E-01    0.8940E-01
   5.680   -0.1653E+00    0.8364E-01    0.9028E-01   -0.1649E+00    0.8134E-01    0.8892E-01
   5.700   -0.1647E+00    0.8336E-01    0.8977E-01   -0.1643E+00    0.8107E-01    0.8843E-01
   5.720   -0.1640E+00    0.8308E-01    0.8927E-01   -0.1637E+00    0.8081E-01    0.8795E-01
   5.740   -0.1634E+00    0.8280E-01    0.8877E-01   -0.1630E+00    0.8054E-01    0.8748E-01
   5.760   -0.1628E+00    0.8253E-01    0.8827E-01   -0.1624E+00    0.8027E-01    0.8700E-01
   5.780   -0.1622E+00    0.8225E-01    0.8778E-01   -0.1618E+00    0.8001E-01    0.8653E-01
   5.800   -0.1616E+00    0.8197E-01    0.8729E-01   -0.1612E+00    0.7974E-01    0.8607E-01
   5.820   -0.1609E+00    0.8170E-01    0.8681E-01   -0.1606E+00    0.7948E-01    0.8561E-01
   5.840   -0.1603E+00    0.8142E-01    0.8633E-01   -0.1600E+00    0.7922E-01    0.8515E-01
   5.860   -0.1597E+00    0.8115E-01    0.8585E-01   -0.1594E+00    0.7895E-01    0.8469E-01
   5.880   -0.1591E+00    0.8087E-01    0.8538E-01   -0.1588E+00    0.7869E-01    0.8424E-01
   5.900   -0.1585E+00    0.8060E-01    0.8491E-01   -0.1582E+00    0.7843E-01    0.8379E-01
   5.920   -0.1579E+00    0.8033E-01    0.8444E-01   -0.1576E+00    0.7817E-01    0.8334E-01
   5.940   -0.1573E+00    0.8006E-01    0.8397E-01   -0.1570E+00    0.7792E-01    0.8289E-01
   5.960   -0.1567E+00    0.7979E-01    0.8351E-01   -0.1564E+00    0.7766E-01    0.8245E-01
   5.980   -0.1561E+00    0.7952E-01    0.8305E-01   -0.1558E+00    0.7740E-01    0.8201E-01
   6.000   -0.1555E+00    0.7925E-01    0.8259E-01   -0.1552E+00    0.7715E-01    0.8158E-01
   6.020   -0.1549E+00    0.7898E-01    0.8214E-01   -0.1546E+00    0.7689E-01    0.8114E-01
   6.040   -0.1543E+00    0.7871E-01    0.8169E-01   -0.1540E+00    0.7664E-01    0.8071E-01
   6.060   -0.1538E+00    0.7844E-01    0.8124E-01   -0.1534E+00    0.7638E-01    0.8028E-01
   6.080   -0.1532E+00    0.7818E-01    0.8080E-01   -0.1528E+00    0.7613E-01    0.7985E-01
   6.100   -0.1526E+00    0.7791E-01    0.8035E-01   -0.1523E+00    0.7588E-01    0.7943E-01
   6.120   -0.1520E+00    0.7764E-01    0.7991E-01   -0.1517E+00    0.7563E-01    0.7901E-01
   6.140   -0.1514E+00    0.7738E-01    0.7948E-01   -0.1511E+00    0.7538E-01    0.7859E-01
   6.160   -0.1508E+00    0.7712E-01    0.7904E-01   -0.1505E+00    0.7513E-01    0.7817E-01
   6.180   -0.1503E+00    0.7685E-01    0.7861E-01   -0.1499E+00    0.7488E-01    0.7776E-01
   6.200   -0.1497E+00    0.7659E-01    0.7818E-01   -0.1494E+00    0.7463E-01    0.7735E-01
   6.220   -0.1491E+00    0.7633E-01    0.7776E-01   -0.1488E+00    0.7438E-01    0.7694E-01
   6.240   -0.1486E+00    0.7606E-01    0.7733E-01   -0.1482E+00    0.7413E-01    0.7653E-01
   6.260   -0.1480E+00    0.7580E-01    0.7691E-01   -0.1477E+00    0.7389E-01    0.7613E-01
   6.280   -0.1474E+00    0.7554E-01    0.7650E-01   -0.1471E+00    0.7364E-01    0.7572E-01
   6.300   -0.1469E+00    0.7528E-01    0.7608E-01   -0.1465E+00    0.7339E-01    0.7532E-01
   6.320   -0.1463E+00    0.7502E-01    0.7567E-01   -0.1460E+00    0.7315E-01    0.7493E-01
   6.340   -0.1457E+00    0.7477E-01    0.7526E-01   -0.1454E+00    0.7291E-01    0.7453E-01
   6.360   -0.1452E+00    0.7451E-01    0.7485E-01   -0.1449E+00    0.7266E-01    0.7414E-01
   6.380   -0.1446E+00    0.7425E-01    0.7444E-01   -0.1443E+00    0.7242E-01    0.7375E-01
   6.400   -0.1441E+00    0.7399E-01    0.7404E-01   -0.1438E+00    0.7218E-01    0.7336E-01
   6.420   -0.1435E+00    0.7374E-01    0.7364E-01   -0.1432E+00    0.7193E-01    0.7298E-01
   6.440   -0.1430E+00    0.7348E-01    0.7324E-01   -0.1427E+00    0.7169E-01    0.7259E-01
   6.460   -0.1424E+00    0.7322E-01    0.7285E-01   -0.1421E+00    0.7145E-01    0.7221E-01
   6.480   -0.1419E+00    0.7297E-01    0.7246E-01   -0.1416E+00    0.7121E-01    0.7183E-01
   6.500   -0.1413E+00    0.7272E-01    0.7207E-01   -0.1410E+00    0.7097E-01    0.7146E-01
   6.520   -0.1408E+00    0.7246E-01    0.7168E-01   -0.1405E+00    0.7073E-01    0.7108E-01
   6.540   -0.1402E+00    0.7221E-01    0.7130E-01   -0.1399E+00    0.7049E-01    0.7071E-01
   6.560   -0.1397E+00    0.7195E-01    0.7091E-01   -0.1394E+00    0.7026E-01    0.7034E-01
   6.580   -0.1392E+00    0.7170E-01    0.7053E-01   -0.1389E+00    0.7002E-01    0.6998E-01
   6.600   -0.1386E+00    0.7145E-01    0.7015E-01   -0.1383E+00    0.6978E-01    0.6961E-01
   6.620   -0.1381E+00    0.7120E-01    0.6978E-01   -0.1378E+00    0.6955E-01    0.6925E-01
   6.640   -0.1376E+00    0.7095E-01    0.6941E-01   -0.1373E+00    0.6931E-01    0.6889E-01
   6.660   -0.1370E+00    0.7070E-01    0.6904E-01   -0.1367E+00    0.6907E-01    0.6853E-01
   6.680   -0.1365E+00    0.7045E-01    0.6867E-01   -0.1362E+00    0.6884E-01    0.6817E-01
   6.700   -0.1360E+00    0.7020E-01    0.6830E-01   -0.1357E+00    0.6861E-01    0.6782E-01
   6.720   -0.1354E+00    0.6995E-01    0.6794E-01   -0.1352E+00    0.6837E-01    0.6747E-01
   6.740   -0.1349E+00    0.6970E-01    0.6758E-01   -0.1347E+00    0.6814E-01    0.6712E-01
   6.760   -0.1344E+00    0.6945E-01    0.6722E-01   -0.1341E+00    0.6790E-01    0.6677E-01
   6.780   -0.1339E+00    0.6921E-01    0.6686E-01   -0.1336E+00    0.6767E-01    0.6643E-01
   6.800   -0.1334E+00    0.6896E-01    0.6651E-01   -0.1331E+00    0.6744E-01    0.6608E-01
   6.820   -0.1328E+00    0.6871E-01    0.6615E-01   -0.1326E+00    0.6721E-01    0.6574E-01
   6.840   -0.1323E+00    0.6847E-01    0.6580E-01   -0.1321E+00    0.6698E-01    0.6540E-01
   6.860   -0.1318E+00    0.6822E-01    0.6546E-01   -0.1316E+00    0.6675E-01    0.6506E-01
   6.880   -0.1313E+00    0.6798E-01    0.6511E-01   -0.1310E+00    0.6652E-01    0.6473E-01
   6.900   -0.1308E+00    0.6773E-01    0.6477E-01   -0.1305E+00    0.6629E-01    0.6440E-01
   6.920   -0.1303E+00    0.6749E-01    0.6443E-01   -0.1300E+00    0.6606E-01    0.6406E-01
   6.940   -0.1298E+00    0.6725E-01    0.6409E-01   -0.1295E+00    0.6583E-01    0.6374E-01
   6.960   -0.1293E+00    0.6700E-01    0.6375E-01   -0.1290E+00    0.6560E-01    0.6341E-01
   6.980   -0.1288E+00    0.6676E-01    0.6342E-01   -0.1285E+00    0.6537E-01    0.6308E-01
   7.000   -0.1283E+00    0.6652E-01    0.6308E-01   -0.1280E+00    0.6515E-01    0.6276E-01
   7.020   -0.1278E+00    0.6628E-01    0.6275E-01   -0.1275E+00    0.6492E-01    0.6244E-01
   7.040   -0.1273E+00    0.6604E-01    0.6243E-01   -0.1270E+00    0.6469E-01    0.6212E-01
   7.060   -0.1268E+00    0.6580E-01    0.6210E-01   -0.1265E+00    0.6447E-01    0.6180E-01
   7.080   -0.1263E+00    0.6556E-01    0.6178E-01   -0.1260E+00    0.6424E-01    0.6149E-01
   7.100   -0.1258E+00    0.6532E-01    0.6145E-01   -0.1256E+00    0.6402E-01    0.6117E-01
   7.120   -0.1253E+00    0.6508E-01    0.6113E-01   -0.1251E+00    0.6379E-01    0.6086E-01
   7.140   -0.1248E+00    0.6484E-01    0.6082E-01   -0.1246E+00    0.6357E-01    0.6055E-01
   7.160   -0.1243E+00    0.6460E-01    0.6050E-01   -0.1241E+00    0.6334E-01    0.6025E-01
   7.180   -0.1238E+00    0.6436E-01    0.6019E-01   -0.1236E+00    0.6312E-01    0.5994E-01
   7.200   -0.1234E+00    0.6413E-01    0.5987E-01   -0.1231E+00    0.6290E-01    0.5964E-01
   7.220   -0.1229E+00    0.6389E-01    0.5956E-01   -0.1227E+00    0.6267E-01    0.5933E-01
   7.240   -0.1224E+00    0.6365E-01    0.5925E-01   -0.1222E+00    0.6245E-01    0.5903E-01
   7.260   -0.1219E+00    0.6342E-01    0.5895E-01   -0.1217E+00    0.6223E-01    0.5873E-01
   7.280   -0.1214E+00    0.6318E-01    0.5864E-01   -0.1212E+00    0.6201E-01    0.5844E-01
   7.300   -0.1210E+00    0.6295E-01    0.5834E-01   -0.1207E+00    0.6179E-01    0.5814E-01
   7.320   -0.1205E+00    0.6272E-01    0.5804E-01   -0.1203E+00    0.6157E-01    0.5785E-01
   7.340   -0.1200E+00    0.6248E-01    0.5774E-01   -0.1198E+00    0.6135E-01    0.5756E-01
   7.360   -0.1195E+00    0.6225E-01    0.5745E-01   -0.1193E+00    0.6113E-01    0.5727E-01
   7.380   -0.1191E+00    0.6202E-01    0.5715E-01   -0.1189E+00    0.6091E-01    0.5698E-01
   7.400   -0.1186E+00    0.6178E-01    0.5686E-01   -0.1184E+00    0.6069E-01    0.5669E-01
   7.420   -0.1181E+00    0.6155E-01    0.5657E-01   -0.1179E+00    0.6047E-01    0.5641E-01
   7.440   -0.1177E+00    0.6132E-01    0.5628E-01   -0.1175E+00    0.6026E-01    0.5613E-01
   7.460   -0.1172E+00    0.6109E-01    0.5599E-01   -0.1170E+00    0.6004E-01    0.5585E-01
   7.480   -0.1168E+00    0.6086E-01    0.5571E-01   -0.1166E+00    0.5982E-01    0.5557E-01
   7.500   -0.1163E+00    0.6063E-01    0.5542E-01   -0.1161E+00    0.5961E-01    0.5529E-01
   7.520   -0.1158E+00    0.6040E-01    0.5514E-01   -0.1156E+00    0.5939E-01    0.5501E-01
   7.540   -0.1154E+00    0.6018E-01    0.5486E-01   -0.1152E+00    0.5917E-01    0.5474E-01
   7.560   -0.1149E+00    0.5995E-01    0.5458E-01   -0.1147E+00    0.5896E-01    0.5447E-01
   7.580   -0.1145E+00    0.5972E-01    0.5431E-01   -0.1143E+00    0.5875E-01    0.5420E-01
   7.600   -0.1140E+00    0.5949E-01    0.5403E-01   -0.1138E+00    0.5853E-01    0.5393E-01
   7.620   -0.1136E+00    0.5927E-01    0.5376E-01   -0.1134E+00    0.5832E-01    0.5366E-01
   7.640   -0.1131E+00    0.5904E-01    0.5349E-01   -0.1129E+00    0.5810E-01    0.5339E-01
   7.660   -0.1127E+00    0.5882E-01    0.5322E-01   -0.1125E+00    0.5789E-01    0.5313E-01
   7.680   -0.1122E+00    0.5859E-01    0.5295E-01   -0.1121E+00    0.5768E-01    0.5287E-01
   7.700   -0.1118E+00    0.5837E-01    0.5268E-01   -0.1116E+00    0.5747E-01    0.5261E-01
   7.720   -0.1114E+00    0.5814E-01    0.5242E-01   -0.1112E+00    0.5726E-01    0.5235E-01
   7.740   -0.1109E+00    0.5792E-01    0.5216E-01   -0.1107E+00    0.5705E-01    0.5209E-01
   7.760   -0.1105E+00    0.5770E-01    0.5189E-01   -0.1103E+00    0.5684E-01    0.5183E-01
   7.780   -0.1100E+00    0.5748E-01    0.5163E-01   -0.1099E+00    0.5663E-01    0.5158E-01
   7.800   -0.1096E+00    0.5726E-01    0.5138E-01   -0.1094E+00    0.5642E-01    0.5132E-01
   7.820   -0.1092E+00    0.5703E-01    0.5112E-01   -0.1090E+00    0.5621E-01    0.5107E-01
   7.840   -0.1087E+00    0.5681E-01    0.5086E-01   -0.1086E+00    0.5600E-01    0.5082E-01
   7.860   -0.1083E+00    0.5659E-01    0.5061E-01   -0.1081E+00    0.5579E-01    0.5057E-01
   7.880   -0.1079E+00    0.5638E-01    0.5036E-01   -0.1077E+00    0.5558E-01    0.5033E-01
   7.900   -0.1075E+00    0.5616E-01    0.5011E-01   -0.1073E+00    0.5538E-01    0.5008E-01
   7.920   -0.1070E+00    0.5594E-01    0.4986E-01   -0.1069E+00    0.5517E-01    0.4983E-01
   7.940   -0.1066E+00    0.5572E-01    0.4961E-01   -0.1064E+00    0.5496E-01    0.4959E-01
   7.960   -0.1062E+00    0.5550E-01    0.4937E-01   -0.1060E+00    0.5476E-01    0.4935E-01
   7.980   -0.1058E+00    0.5529E-01    0.4912E-01   -0.1056E+00    0.5455E-01    0.4911E-01
   8.000   -0.1053E+00    0.5507E-01    0.4888E-01   -0.1052E+00    0.5435E-01    0.4887E-01
   8.020   -0.1049E+00    0.5486E-01    0.4864E-01   -0.1048E+00    0.5415E-01    0.4863E-01
   8.040   -0.1045E+00    0.5464E-01    0.4840E-01   -0.1044E+00    0.5394E-01    0.4840E-01
   8.060   -0.1041E+00    0.5443E-01    0.4816E-01   -0.1039E+00    0.5374E-01    0.4816E-01
   8.080   -0.1037E+00    0.5421E-01    0.4793E-01   -0.1035E+00    0.5354E-01    0.4793E-01
   8.100   -0.1033E+00    0.5400E-01    0.4769E-01   -0.1031E+00    0.5333E-01    0.4770E-01
   8.120   -0.1028E+00    0.5379E-01    0.4746E-01   -0.1027E+00    0.5313E-01    0.4747E-01
   8.140   -0.1024E+00    0.5358E-01    0.4722E-01   -0.1023E+00    0.5293E-01    0.4724E-01
   8.160   -0.1020E+00    0.5337E-01    0.4699E-01   -0.1019E+00    0.5273E-01    0.4701E-01
   8.180   -0.1016E+00    0.5316E-01    0.4676E-01   -0.1015E+00    0.5253E-01    0.4679E-01
   8.200   -0.1012E+00    0.5294E-01    0.4654E-01   -0.1011E+00    0.5233E-01    0.4656E-01
   8.220   -0.1008E+00    0.5274E-01    0.4631E-01   -0.1007E+00    0.5213E-01    0.4634E-01
   8.240   -0.1004E+00    0.5253E-01    0.4608E-01   -0.1003E+00    0.5193E-01    0.4612E-01
   8.260   -0.1000E+00    0.5232E-01    0.4586E-01   -0.9989E-01    0.5174E-01    0.4590E-01
   8.280   -0.9962E-01    0.5211E-01    0.4564E-01   -0.9949E-01    0.5154E-01    0.4568E-01
   8.300   -0.9922E-01    0.5190E-01    0.4542E-01   -0.9909E-01    0.5134E-01    0.4546E-01
   8.320   -0.9882E-01    0.5170E-01    0.4520E-01   -0.9870E-01    0.5114E-01    0.4524E-01
   8.340   -0.9843E-01    0.5149E-01    0.4498E-01   -0.9831E-01    0.5095E-01    0.4502E-01
   8.360   -0.9804E-01    0.5129E-01    0.4476E-01   -0.9791E-01    0.5075E-01    0.4481E-01
   8.380   -0.9764E-01    0.5108E-01    0.4455E-01   -0.9752E-01    0.5056E-01    0.4460E-01
   8.400   -0.9725E-01    0.5088E-01    0.4433E-01   -0.9714E-01    0.5036E-01    0.4438E-01
   8.420   -0.9686E-01    0.5067E-01    0.4412E-01   -0.9675E-01    0.5017E-01    0.4417E-01
   8.440   -0.9648E-01    0.5047E-01    0.4391E-01   -0.9636E-01    0.4998E-01    0.4396E-01
   8.460   -0.9609E-01    0.5027E-01    0.4369E-01   -0.9598E-01    0.4978E-01    0.4376E-01
   8.480   -0.9571E-01    0.5007E-01    0.4349E-01   -0.9560E-01    0.4959E-01    0.4355E-01
   8.500   -0.9532E-01    0.4986E-01    0.4328E-01   -0.9522E-01    0.4940E-01    0.4334E-01
   8.520   -0.9494E-01    0.4966E-01    0.4307E-01   -0.9484E-01    0.4921E-01    0.4314E-01
   8.540   -0.9456E-01    0.4946E-01    0.4286E-01   -0.9446E-01    0.4902E-01    0.4294E-01
   8.560   -0.9418E-01    0.4927E-01    0.4266E-01   -0.9408E-01    0.4883E-01    0.4273E-01
   8.580   -0.9381E-01    0.4907E-01    0.4246E-01   -0.9371E-01    0.4864E-01    0.4253E-01
   8.600   -0.9343E-01    0.4887E-01    0.4225E-01   -0.9333E-01    0.4845E-01    0.4233E-01
   8.620   -0.9306E-01    0.4867E-01    0.4205E-01   -0.9296E-01    0.4826E-01    0.4213E-01
   8.640   -0.9268E-01    0.4847E-01    0.4185E-01   -0.9259E-01    0.4807E-01    0.4193E-01
   8.660   -0.9231E-01    0.4828E-01    0.4166E-01   -0.9222E-01    0.4788E-01    0.4174E-01
   8.680   -0.9194E-01    0.4808E-01    0.4146E-01   -0.9185E-01    0.4769E-01    0.4154E-01
   8.700   -0.9157E-01    0.4789E-01    0.4126E-01   -0.9148E-01    0.4751E-01    0.4135E-01
   8.720   -0.9121E-01    0.4769E-01    0.4107E-01   -0.9112E-01    0.4732E-01    0.4116E-01
   8.740   -0.9084E-01    0.4750E-01    0.4087E-01   -0.9076E-01    0.4714E-01    0.4096E-01
   8.760   -0.9048E-01    0.4731E-01    0.4068E-01   -0.9039E-01    0.4695E-01    0.4077E-01
   8.780   -0.9011E-01    0.4711E-01    0.4049E-01   -0.9003E-01    0.4677E-01    0.4058E-01
   8.800   -0.8975E-01    0.4692E-01    0.4030E-01   -0.8967E-01    0.4658E-01    0.4039E-01
   8.820   -0.8939E-01    0.4673E-01    0.4011E-01   -0.8931E-01    0.4640E-01    0.4021E-01
   8.840   -0.8903E-01    0.4654E-01    0.3992E-01   -0.8896E-01    0.4622E-01    0.4002E-01
   8.860   -0.8867E-01    0.4635E-01    0.3973E-01   -0.8860E-01    0.4603E-01    0.3983E-01
   8.880   -0.8832E-01    0.4616E-01    0.3955E-01   -0.8825E-01    0.4585E-01    0.3965E-01
   8.900   -0.8796E-01    0.4597E-01    0.3936E-01   -0.8789E-01    0.4567E-01    0.3947E-01
   8.920   -0.8761E-01    0.4578E-01    0.3918E-01   -0.8754E-01    0.4549E-01    0.3928E-01
   8.940   -0.8726E-01    0.4560E-01    0.3900E-01   -0.8719E-01    0.4531E-01    0.3910E-01
   8.960   -0.8691E-01    0.4541E-01    0.3881E-01   -0.8684E-01    0.4513E-01    0.3892E-01
   8.980   -0.8656E-01    0.4522E-01    0.3863E-01   -0.8649E-01    0.4495E-01    0.3874E-01
   9.000   -0.8621E-01    0.4504E-01    0.3845E-01   -0.8615E-01    0.4477E-01    0.3856E-01
   9.020   -0.8586E-01    0.4485E-01    0.3827E-01   -0.8580E-01    0.4460E-01    0.3839E-01
   9.040   -0.8552E-01    0.4467E-01    0.3810E-01   -0.8546E-01    0.4442E-01    0.3821E-01
   9.060   -0.8517E-01    0.4448E-01    0.3792E-01   -0.8512E-01    0.4424E-01    0.3803E-01
   9.080   -0.8483E-01    0.4430E-01    0.3774E-01   -0.8477E-01    0.4407E-01    0.3786E-01
   9.100   -0.8449E-01    0.4412E-01    0.3757E-01   -0.8444E-01    0.4389E-01    0.3769E-01
   9.120   -0.8415E-01    0.4394E-01    0.3740E-01   -0.8410E-01    0.4371E-01    0.3751E-01
   9.140   -0.8381E-01    0.4375E-01    0.3722E-01   -0.8376E-01    0.4354E-01    0.3734E-01
   9.160   -0.8347E-01    0.4357E-01    0.3705E-01   -0.8342E-01    0.4337E-01    0.3717E-01
   9.180   -0.8313E-01    0.4339E-01    0.3688E-01   -0.8309E-01    0.4319E-01    0.3700E-01
   9.200   -0.8280E-01    0.4321E-01    0.3671E-01   -0.8276E-01    0.4302E-01    0.3683E-01
   9.220   -0.8247E-01    0.4303E-01    0.3654E-01   -0.8242E-01    0.4285E-01    0.3666E-01
   9.240   -0.8213E-01    0.4286E-01    0.3637E-01   -0.8209E-01    0.4268E-01    0.3650E-01
   9.260   -0.8180E-01    0.4268E-01    0.3621E-01   -0.8176E-01    0.4250E-01    0.3633E-01
   9.280   -0.8147E-01    0.4250E-01    0.3604E-01   -0.8144E-01    0.4233E-01    0.3617E-01
   9.300   -0.8114E-01    0.4233E-01    0.3588E-01   -0.8111E-01    0.4216E-01    0.3600E-01
   9.320   -0.8082E-01    0.4215E-01    0.3571E-01   -0.8078E-01    0.4199E-01    0.3584E-01
   9.340   -0.8049E-01    0.4197E-01    0.3555E-01   -0.8046E-01    0.4182E-01    0.3568E-01
   9.360   -0.8017E-01    0.4180E-01    0.3539E-01   -0.8014E-01    0.4166E-01    0.3551E-01
   9.380   -0.7984E-01    0.4163E-01    0.3523E-01   -0.7982E-01    0.4149E-01    0.3535E-01
   9.400   -0.7952E-01    0.4145E-01    0.3506E-01   -0.7950E-01    0.4132E-01    0.3519E-01
   9.420   -0.7920E-01    0.4128E-01    0.3491E-01   -0.7918E-01    0.4115E-01    0.3504E-01
   9.440   -0.7888E-01    0.4111E-01    0.3475E-01   -0.7886E-01    0.4099E-01    0.3488E-01
   9.460   -0.7856E-01    0.4094E-01    0.3459E-01   -0.7854E-01    0.4082E-01    0.3472E-01
   9.480   -0.7824E-01    0.4077E-01    0.3443E-01   -0.7823E-01    0.4066E-01    0.3456E-01
   9.500   -0.7793E-01    0.4060E-01    0.3428E-01   -0.7791E-01    0.4049E-01    0.3441E-01
   9.520   -0.7761E-01    0.4043E-01    0.3412E-01   -0.7760E-01    0.4033E-01    0.3425E-01
   9.540   -0.7730E-01    0.4026E-01    0.3397E-01   -0.7729E-01    0.4017E-01    0.3410E-01
   9.560   -0.7699E-01    0.4009E-01    0.3381E-01   -0.7698E-01    0.4000E-01    0.3395E-01
   9.580   -0.7668E-01    0.3992E-01    0.3366E-01   -0.7667E-01    0.3984E-01    0.3380E-01
   9.600   -0.7637E-01    0.3976E-01    0.3351E-01   -0.7636E-01    0.3968E-01    0.3364E-01
   9.620   -0.7606E-01    0.3959E-01    0.3336E-01   -0.7605E-01    0.3952E-01    0.3349E-01
   9.640   -0.7575E-01    0.3942E-01    0.3321E-01   -0.7575E-01    0.3936E-01    0.3334E-01
   9.660   -0.7545E-01    0.3926E-01    0.3306E-01   -0.7545E-01    0.3920E-01    0.3320E-01
   9.680   -0.7514E-01    0.3909E-01    0.3291E-01   -0.7514E-01    0.3904E-01    0.3305E-01
   9.700   -0.7484E-01    0.3893E-01    0.3276E-01   -0.7484E-01    0.3888E-01    0.3290E-01
   9.720   -0.7454E-01    0.3877E-01    0.3261E-01   -0.7454E-01    0.3872E-01    0.3275E-01
   9.740   -0.7424E-01    0.3860E-01    0.3247E-01   -0.7424E-01    0.3856E-01    0.3261E-01
   9.760   -0.7394E-01    0.3844E-01    0.3232E-01   -0.7394E-01    0.3840E-01    0.3246E-01
   9.780   -0.7364E-01    0.3828E-01    0.3218E-01   -0.7365E-01    0.3825E-01    0.3232E-01
   9.800   -0.7334E-01    0.3812E-01    0.3204E-01   -0.7335E-01    0.3809E-01    0.3218E-01
   9.820   -0.7304E-01    0.3796E-01    0.3189E-01   -0.7305E-01    0.3794E-01    0.3203E-01
   9.840   -0.7275E-01    0.3780E-01    0.3175E-01   -0.7276E-01    0.3778E-01    0.3189E-01
   9.860   -0.7245E-01    0.3764E-01    0.3161E-01   -0.7247E-01    0.3763E-01    0.3175E-01
   9.880   -0.7216E-01    0.3748E-01    0.3147E-01   -0.7218E-01    0.3747E-01    0.3161E-01
   9.900   -0.7187E-01    0.3733E-01    0.3133E-01   -0.7189E-01    0.3732E-01    0.3147E-01
   9.920   -0.7158E-01    0.3717E-01    0.3119E-01   -0.7160E-01    0.3717E-01    0.3133E-01
   9.940   -0.7129E-01    0.3701E-01    0.3105E-01   -0.7131E-01    0.3701E-01    0.3119E-01
   9.960   -0.7100E-01    0.3686E-01    0.3091E-01   -0.7103E-01    0.3686E-01    0.3106E-01
   9.980   -0.7072E-01    0.3670E-01    0.3078E-01   -0.7074E-01    0.3671E-01    0.3092E-01
  10.000   -0.7043E-01    0.3655E-01    0.3064E-01   -0.7046E-01    0.3656E-01    0.3078E-01
  10.020   -0.7014E-01    0.3639E-01    0.3050E-01   -0.7017E-01    0.3641E-01    0.3065E-01
  10.040   -0.6986E-01    0.3624E-01    0.3037E-01   -0.6989E-01    0.3626E-01    0.3051E-01
  10.060   -0.6958E-01    0.3609E-01    0.3024E-01   -0.6961E-01    0.3611E-01    0.3038E-01
  10.080   -0.6930E-01    0.3593E-01    0.3010E-01   -0.6933E-01    0.3596E-01    0.3025E-01
  10.100   -0.6902E-01    0.3578E-01    0.2997E-01   -0.6905E-01    0.3582E-01    0.3011E-01
  10.120   -0.6874E-01    0.3563E-01    0.2984E-01   -0.6878E-01    0.3567E-01    0.2998E-01
  10.140   -0.6846E-01    0.3548E-01    0.2971E-01   -0.6850E-01    0.3552E-01    0.2985E-01
  10.160   -0.6818E-01    0.3533E-01    0.2958E-01   -0.6823E-01    0.3537E-01    0.2972E-01
  10.180   -0.6791E-01    0.3518E-01    0.2945E-01   -0.6795E-01    0.3523E-01    0.2959E-01
  10.200   -0.6764E-01    0.3503E-01    0.2932E-01   -0.6768E-01    0.3508E-01    0.2946E-01
  10.220   -0.6736E-01    0.3489E-01    0.2919E-01   -0.6741E-01    0.3494E-01    0.2933E-01
  10.240   -0.6709E-01    0.3474E-01    0.2906E-01   -0.6714E-01    0.3480E-01    0.2921E-01
  10.260   -0.6682E-01    0.3459E-01    0.2893E-01   -0.6687E-01    0.3465E-01    0.2908E-01
  10.280   -0.6655E-01    0.3444E-01    0.2881E-01   -0.6660E-01    0.3451E-01    0.2895E-01
  10.300   -0.6628E-01    0.3430E-01    0.2868E-01   -0.6633E-01    0.3437E-01    0.2883E-01
  10.320   -0.6601E-01    0.3415E-01    0.2856E-01   -0.6607E-01    0.3422E-01    0.2870E-01
  10.340   -0.6575E-01    0.3401E-01    0.2843E-01   -0.6580E-01    0.3408E-01    0.2858E-01
  10.360   -0.6548E-01    0.3387E-01    0.2831E-01   -0.6554E-01    0.3394E-01    0.2845E-01
  10.380   -0.6522E-01    0.3372E-01    0.2818E-01   -0.6527E-01    0.3380E-01    0.2833E-01
  10.400   -0.6495E-01    0.3358E-01    0.2806E-01   -0.6501E-01    0.3366E-01    0.2821E-01
  10.420   -0.6469E-01    0.3344E-01    0.2794E-01   -0.6475E-01    0.3352E-01    0.2809E-01
  10.440   -0.6443E-01    0.3330E-01    0.2782E-01   -0.6449E-01    0.3338E-01    0.2797E-01
  10.460   -0.6417E-01    0.3316E-01    0.2770E-01   -0.6423E-01    0.3325E-01    0.2784E-01
  10.480   -0.6391E-01    0.3301E-01    0.2758E-01   -0.6398E-01    0.3311E-01    0.2772E-01
  10.500   -0.6365E-01    0.3287E-01    0.2746E-01   -0.6372E-01    0.3297E-01    0.2761E-01
  10.520   -0.6340E-01    0.3274E-01    0.2734E-01   -0.6346E-01    0.3284E-01    0.2749E-01
  10.540   -0.6314E-01    0.3260E-01    0.2722E-01   -0.6321E-01    0.3270E-01    0.2737E-01
  10.560   -0.6289E-01    0.3246E-01    0.2710E-01   -0.6296E-01    0.3256E-01    0.2725E-01
  10.580   -0.6263E-01    0.3232E-01    0.2699E-01   -0.6270E-01    0.3243E-01    0.2713E-01
  10.600   -0.6238E-01    0.3218E-01    0.2687E-01   -0.6245E-01    0.3230E-01    0.2702E-01
  10.620   -0.6213E-01    0.3205E-01    0.2676E-01   -0.6220E-01    0.3216E-01    0.2690E-01
  10.640   -0.6188E-01    0.3191E-01    0.2664E-01   -0.6195E-01    0.3203E-01    0.2679E-01
  10.660   -0.6163E-01    0.3178E-01    0.2653E-01   -0.6171E-01    0.3190E-01    0.2667E-01
  10.680   -0.6138E-01    0.3164E-01    0.2641E-01   -0.6146E-01    0.3176E-01    0.2656E-01
  10.700   -0.6113E-01    0.3151E-01    0.2630E-01   -0.6121E-01    0.3163E-01    0.2645E-01
  10.720   -0.6088E-01    0.3137E-01    0.2619E-01   -0.6097E-01    0.3150E-01    0.2633E-01
  10.740   -0.6064E-01    0.3124E-01    0.2607E-01   -0.6073E-01    0.3137E-01    0.2622E-01
  10.760   -0.6040E-01    0.3111E-01    0.2596E-01   -0.6048E-01    0.3124E-01    0.2611E-01
  10.780   -0.6015E-01    0.3098E-01    0.2585E-01   -0.6024E-01    0.3111E-01    0.2600E-01
  10.800   -0.5991E-01    0.3085E-01    0.2574E-01   -0.6000E-01    0.3098E-01    0.2589E-01
  10.820   -0.5967E-01    0.3072E-01    0.2563E-01   -0.5976E-01    0.3085E-01    0.2578E-01
  10.840   -0.5943E-01    0.3059E-01    0.2552E-01   -0.5952E-01    0.3072E-01    0.2567E-01
  10.860   -0.5919E-01    0.3046E-01    0.2541E-01   -0.5928E-01    0.3060E-01    0.2556E-01
  10.880   -0.5895E-01    0.3033E-01    0.2531E-01   -0.5905E-01    0.3047E-01    0.2545E-01
  10.900   -0.5871E-01    0.3020E-01    0.2520E-01   -0.5881E-01    0.3034E-01    0.2534E-01
  10.920   -0.5848E-01    0.3007E-01    0.2509E-01   -0.5858E-01    0.3022E-01    0.2524E-01
  10.940   -0.5824E-01    0.2994E-01    0.2498E-01   -0.5834E-01    0.3009E-01    0.2513E-01
  10.960   -0.5801E-01    0.2982E-01    0.2488E-01   -0.5811E-01    0.2997E-01    0.2502E-01
  10.980   -0.5777E-01    0.2969E-01    0.2477E-01   -0.5788E-01    0.2984E-01    0.2492E-01
  11.000   -0.5754E-01    0.2956E-01    0.2467E-01   -0.5765E-01    0.2972E-01    0.2481E-01
  11.020   -0.5731E-01    0.2944E-01    0.2456E-01   -0.5742E-01    0.2960E-01    0.2471E-01
  11.040   -0.5708E-01    0.2931E-01    0.2446E-01   -0.5719E-01    0.2947E-01    0.2461E-01
  11.060   -0.5685E-01    0.2919E-01    0.2436E-01   -0.5696E-01    0.2935E-01    0.2450E-01
  11.080   -0.5662E-01    0.2907E-01    0.2425E-01   -0.5673E-01    0.2923E-01    0.2440E-01
  11.100   -0.5639E-01    0.2894E-01    0.2415E-01   -0.5651E-01    0.2911E-01    0.2430E-01
  11.120   -0.5617E-01    0.2882E-01    0.2405E-01   -0.5628E-01    0.2899E-01    0.2420E-01
  11.140   -0.5594E-01    0.2870E-01    0.2395E-01   -0.5606E-01    0.2887E-01    0.2410E-01
  11.160   -0.5572E-01    0.2858E-01    0.2385E-01   -0.5583E-01    0.2875E-01    0.2399E-01
  11.180   -0.5549E-01    0.2846E-01    0.2375E-01   -0.5561E-01    0.2863E-01    0.2389E-01
  11.200   -0.5527E-01    0.2834E-01    0.2365E-01   -0.5539E-01    0.2851E-01    0.2379E-01
  11.220   -0.5505E-01    0.2822E-01    0.2355E-01   -0.5517E-01    0.2839E-01    0.2370E-01
  11.240   -0.5483E-01    0.2810E-01    0.2345E-01   -0.5495E-01    0.2827E-01    0.2360E-01
  11.260   -0.5461E-01    0.2798E-01    0.2335E-01   -0.5473E-01    0.2815E-01    0.2350E-01
  11.280   -0.5439E-01    0.2786E-01    0.2326E-01   -0.5451E-01    0.2804E-01    0.2340E-01
  11.300   -0.5417E-01    0.2774E-01    0.2316E-01   -0.5430E-01    0.2792E-01    0.2330E-01
  11.320   -0.5395E-01    0.2762E-01    0.2306E-01   -0.5408E-01    0.2780E-01    0.2321E-01
  11.340   -0.5374E-01    0.2751E-01    0.2297E-01   -0.5387E-01    0.2769E-01    0.2311E-01
  11.360   -0.5352E-01    0.2739E-01    0.2287E-01   -0.5365E-01    0.2757E-01    0.2302E-01
  11.380   -0.5331E-01    0.2728E-01    0.2277E-01   -0.5344E-01    0.2746E-01    0.2292E-01
  11.400   -0.5310E-01    0.2716E-01    0.2268E-01   -0.5323E-01    0.2735E-01    0.2283E-01
  11.420   -0.5288E-01    0.2705E-01    0.2259E-01   -0.5302E-01    0.2723E-01    0.2273E-01
  11.440   -0.5267E-01    0.2693E-01    0.2249E-01   -0.5281E-01    0.2712E-01    0.2264E-01
  11.460   -0.5246E-01    0.2682E-01    0.2240E-01   -0.5260E-01    0.2701E-01    0.2254E-01
  11.480   -0.5225E-01    0.2670E-01    0.2231E-01   -0.5239E-01    0.2689E-01    0.2245E-01
  11.500   -0.5204E-01    0.2659E-01    0.2221E-01   -0.5218E-01    0.2678E-01    0.2236E-01
  11.520   -0.5183E-01    0.2648E-01    0.2212E-01   -0.5197E-01    0.2667E-01    0.2227E-01
  11.540   -0.5163E-01    0.2637E-01    0.2203E-01   -0.5177E-01    0.2656E-01    0.2218E-01
  11.560   -0.5142E-01    0.2626E-01    0.2194E-01   -0.5156E-01    0.2645E-01    0.2209E-01
  11.580   -0.5121E-01    0.2615E-01    0.2185E-01   -0.5136E-01    0.2634E-01    0.2200E-01
  11.600   -0.5101E-01    0.2604E-01    0.2176E-01   -0.5116E-01    0.2623E-01    0.2191E-01
  11.620   -0.5081E-01    0.2593E-01    0.2167E-01   -0.5095E-01    0.2612E-01    0.2182E-01
  11.640   -0.5060E-01    0.2582E-01    0.2158E-01   -0.5075E-01    0.2602E-01    0.2173E-01
  11.660   -0.5040E-01    0.2571E-01    0.2149E-01   -0.5055E-01    0.2591E-01    0.2164E-01
  11.680   -0.5020E-01    0.2560E-01    0.2140E-01   -0.5035E-01    0.2580E-01    0.2155E-01
  11.700   -0.5000E-01    0.2549E-01    0.2132E-01   -0.5015E-01    0.2569E-01    0.2146E-01
  11.720   -0.4980E-01    0.2539E-01    0.2123E-01   -0.4995E-01    0.2559E-01    0.2138E-01
  11.740   -0.4960E-01    0.2528E-01    0.2114E-01   -0.4976E-01    0.2548E-01    0.2129E-01
  11.760   -0.4940E-01    0.2517E-01    0.2106E-01   -0.4956E-01    0.2538E-01    0.2120E-01
  11.780   -0.4921E-01    0.2507E-01    0.2097E-01   -0.4937E-01    0.2527E-01    0.2112E-01
  11.800   -0.4901E-01    0.2496E-01    0.2088E-01   -0.4917E-01    0.2517E-01    0.2103E-01
  11.820   -0.4882E-01    0.2486E-01    0.2080E-01   -0.4898E-01    0.2506E-01    0.2095E-01
  11.840   -0.4862E-01    0.2475E-01    0.2071E-01   -0.4878E-01    0.2496E-01    0.2086E-01
  11.860   -0.4843E-01    0.2465E-01    0.2063E-01   -0.4859E-01    0.2486E-01    0.2078E-01
  11.880   -0.4824E-01    0.2455E-01    0.2055E-01   -0.4840E-01    0.2475E-01    0.2069E-01
  11.900   -0.4804E-01    0.2444E-01    0.2046E-01   -0.4821E-01    0.2465E-01    0.2061E-01
  11.920   -0.4785E-01    0.2434E-01    0.2038E-01   -0.4802E-01    0.2455E-01    0.2053E-01
  11.940   -0.4766E-01    0.2424E-01    0.2030E-01   -0.4783E-01    0.2445E-01    0.2044E-01
  11.960   -0.4747E-01    0.2414E-01    0.2022E-01   -0.4764E-01    0.2435E-01    0.2036E-01
  11.980   -0.4729E-01    0.2404E-01    0.2013E-01   -0.4746E-01    0.2425E-01    0.2028E-01
  12.000   -0.4710E-01    0.2393E-01    0.2005E-01   -0.4727E-01    0.2415E-01    0.2020E-01
  12.020   -0.4691E-01    0.2383E-01    0.1997E-01   -0.4708E-01    0.2405E-01    0.2012E-01
  12.040   -0.4672E-01    0.2373E-01    0.1989E-01   -0.4690E-01    0.2395E-01    0.2004E-01
  12.060   -0.4654E-01    0.2364E-01    0.1981E-01   -0.4671E-01    0.2385E-01    0.1996E-01
  12.080   -0.4635E-01    0.2354E-01    0.1973E-01   -0.4653E-01    0.2375E-01    0.1988E-01
  12.100   -0.4617E-01    0.2344E-01    0.1965E-01   -0.4635E-01    0.2365E-01    0.1980E-01
  12.120   -0.4599E-01    0.2334E-01    0.1957E-01   -0.4617E-01    0.2356E-01    0.1972E-01
  12.140   -0.4581E-01    0.2324E-01    0.1949E-01   -0.4599E-01    0.2346E-01    0.1964E-01
  12.160   -0.4562E-01    0.2315E-01    0.1942E-01   -0.4581E-01    0.2336E-01    0.1956E-01
  12.180   -0.4544E-01    0.2305E-01    0.1934E-01   -0.4563E-01    0.2327E-01    0.1949E-01
  12.200   -0.4526E-01    0.2295E-01    0.1926E-01   -0.4545E-01    0.2317E-01    0.1941E-01
  12.220   -0.4509E-01    0.2286E-01    0.1919E-01   -0.4527E-01    0.2308E-01    0.1933E-01
  12.240   -0.4491E-01    0.2276E-01    0.1911E-01   -0.4509E-01    0.2298E-01    0.1925E-01
  12.260   -0.4473E-01    0.2267E-01    0.1903E-01   -0.4492E-01    0.2289E-01    0.1918E-01
  12.280   -0.4455E-01    0.2257E-01    0.1896E-01   -0.4474E-01    0.2279E-01    0.1910E-01
  12.300   -0.4438E-01    0.2248E-01    0.1888E-01   -0.4457E-01    0.2270E-01    0.1903E-01
  12.320   -0.4420E-01    0.2239E-01    0.1881E-01   -0.4439E-01    0.2261E-01    0.1895E-01
  12.340   -0.4403E-01    0.2229E-01    0.1873E-01   -0.4422E-01    0.2251E-01    0.1888E-01
  12.360   -0.4385E-01    0.2220E-01    0.1866E-01   -0.4405E-01    0.2242E-01    0.1880E-01
  12.380   -0.4368E-01    0.2211E-01    0.1858E-01   -0.4388E-01    0.2233E-01    0.1873E-01
  12.400   -0.4351E-01    0.2202E-01    0.1851E-01   -0.4370E-01    0.2224E-01    0.1866E-01
  12.420   -0.4334E-01    0.2193E-01    0.1844E-01   -0.4353E-01    0.2215E-01    0.1858E-01
  12.440   -0.4317E-01    0.2183E-01    0.1836E-01   -0.4336E-01    0.2206E-01    0.1851E-01
  12.460   -0.4300E-01    0.2174E-01    0.1829E-01   -0.4320E-01    0.2197E-01    0.1844E-01
