   0.000    0.3120E+00    0.3148E+00    0.3148E+00   -0.2686E+01    0.6209E+00    0.3061E+00    0.6645-315    0.1487-320
   0.000    0.3120E+00    0.3148E+00    0.3148E+00   -0.2686E+01    0.6209E+00    0.3061E+00    0.6645-315    0.5085-318
   0.020    0.3111E+00    0.3112E+00    0.3143E+00   -0.2608E+01    0.6147E+00    0.3035E+00   -0.7270E-02   -0.4128E-02
   0.040    0.3098E+00    0.3077E+00    0.3134E+00   -0.2534E+01    0.6087E+00    0.3010E+00   -0.1356E-01   -0.7829E-02
   0.060    0.3081E+00    0.3042E+00    0.3121E+00   -0.2463E+01    0.6028E+00    0.2986E+00   -0.1898E-01   -0.1110E-01
   0.080    0.3061E+00    0.3007E+00    0.3104E+00   -0.2396E+01    0.5970E+00    0.2963E+00   -0.2363E-01   -0.1400E-01
   0.100    0.3038E+00    0.2973E+00    0.3084E+00   -0.2332E+01    0.5914E+00    0.2941E+00   -0.2761E-01   -0.1656E-01
   0.120    0.3012E+00    0.2939E+00    0.3061E+00   -0.2270E+01    0.5859E+00    0.2919E+00   -0.3100E-01   -0.1883E-01
   0.140    0.2984E+00    0.2906E+00    0.3036E+00   -0.2212E+01    0.5804E+00    0.2899E+00   -0.3387E-01   -0.2084E-01
   0.160    0.2954E+00    0.2872E+00    0.3009E+00   -0.2156E+01    0.5751E+00    0.2879E+00   -0.3629E-01   -0.2262E-01
   0.180    0.2922E+00    0.2838E+00    0.2980E+00   -0.2102E+01    0.5698E+00    0.2859E+00   -0.3831E-01   -0.2419E-01
   0.200    0.2888E+00    0.2805E+00    0.2949E+00   -0.2051E+01    0.5645E+00    0.2841E+00   -0.3997E-01   -0.2559E-01
   0.220    0.2854E+00    0.2771E+00    0.2916E+00   -0.2001E+01    0.5594E+00    0.2822E+00   -0.4133E-01   -0.2683E-01
   0.240    0.2818E+00    0.2738E+00    0.2883E+00   -0.1954E+01    0.5543E+00    0.2805E+00   -0.4241E-01   -0.2793E-01
   0.260    0.2780E+00    0.2705E+00    0.2848E+00   -0.1908E+01    0.5492E+00    0.2787E+00   -0.4325E-01   -0.2890E-01
   0.280    0.2742E+00    0.2671E+00    0.2812E+00   -0.1864E+01    0.5442E+00    0.2771E+00   -0.4388E-01   -0.2976E-01
   0.300    0.2703E+00    0.2637E+00    0.2775E+00   -0.1822E+01    0.5392E+00    0.2754E+00   -0.4433E-01   -0.3052E-01
   0.320    0.2664E+00    0.2604E+00    0.2738E+00   -0.1781E+01    0.5342E+00    0.2739E+00   -0.4461E-01   -0.3120E-01
   0.340    0.2624E+00    0.2570E+00    0.2700E+00   -0.1742E+01    0.5293E+00    0.2723E+00   -0.4475E-01   -0.3179E-01
   0.360    0.2583E+00    0.2537E+00    0.2661E+00   -0.1704E+01    0.5245E+00    0.2708E+00   -0.4476E-01   -0.3232E-01
   0.380    0.2541E+00    0.2503E+00    0.2622E+00   -0.1668E+01    0.5196E+00    0.2694E+00   -0.4466E-01   -0.3278E-01
   0.400    0.2500E+00    0.2469E+00    0.2582E+00   -0.1632E+01    0.5148E+00    0.2679E+00   -0.4446E-01   -0.3319E-01
   0.420    0.2458E+00    0.2435E+00    0.2541E+00   -0.1598E+01    0.5101E+00    0.2666E+00   -0.4418E-01   -0.3355E-01
   0.440    0.2415E+00    0.2401E+00    0.2501E+00   -0.1565E+01    0.5053E+00    0.2652E+00   -0.4383E-01   -0.3387E-01
   0.460    0.2372E+00    0.2367E+00    0.2460E+00   -0.1533E+01    0.5006E+00    0.2639E+00   -0.4341E-01   -0.3415E-01
   0.480    0.2330E+00    0.2333E+00    0.2419E+00   -0.1502E+01    0.4959E+00    0.2626E+00   -0.4294E-01   -0.3439E-01
   0.500    0.2286E+00    0.2299E+00    0.2377E+00   -0.1472E+01    0.4913E+00    0.2614E+00   -0.4242E-01   -0.3461E-01
   0.520    0.2243E+00    0.2265E+00    0.2336E+00   -0.1443E+01    0.4866E+00    0.2601E+00   -0.4185E-01   -0.3480E-01
   0.540    0.2200E+00    0.2231E+00    0.2294E+00   -0.1415E+01    0.4820E+00    0.2590E+00   -0.4126E-01   -0.3496E-01
   0.560    0.2156E+00    0.2197E+00    0.2252E+00   -0.1387E+01    0.4775E+00    0.2578E+00   -0.4063E-01   -0.3511E-01
   0.580    0.2113E+00    0.2162E+00    0.2210E+00   -0.1361E+01    0.4729E+00    0.2567E+00   -0.3998E-01   -0.3523E-01
   0.600    0.2069E+00    0.2128E+00    0.2168E+00   -0.1335E+01    0.4684E+00    0.2556E+00   -0.3931E-01   -0.3534E-01
   0.620    0.2026E+00    0.2094E+00    0.2126E+00   -0.1310E+01    0.4639E+00    0.2545E+00   -0.3862E-01   -0.3543E-01
   0.640    0.1982E+00    0.2060E+00    0.2084E+00   -0.1286E+01    0.4595E+00    0.2535E+00   -0.3792E-01   -0.3551E-01
   0.660    0.1939E+00    0.2025E+00    0.2042E+00   -0.1262E+01    0.4550E+00    0.2525E+00   -0.3721E-01   -0.3558E-01
   0.680    0.1895E+00    0.1991E+00    0.2000E+00   -0.1239E+01    0.4506E+00    0.2515E+00   -0.3649E-01   -0.3564E-01
   0.700    0.1852E+00    0.1957E+00    0.1958E+00   -0.1217E+01    0.4463E+00    0.2505E+00   -0.3577E-01   -0.3569E-01
   0.720    0.1809E+00    0.1923E+00    0.1916E+00   -0.1195E+01    0.4419E+00    0.2496E+00   -0.3504E-01   -0.3574E-01
   0.740    0.1765E+00    0.1889E+00    0.1874E+00   -0.1174E+01    0.4376E+00    0.2487E+00   -0.3432E-01   -0.3578E-01
   0.760    0.1722E+00    0.1855E+00    0.1832E+00   -0.1154E+01    0.4333E+00    0.2479E+00   -0.3359E-01   -0.3581E-01
   0.780    0.1679E+00    0.1820E+00    0.1791E+00   -0.1134E+01    0.4291E+00    0.2470E+00   -0.3287E-01   -0.3583E-01
   0.800    0.1637E+00    0.1786E+00    0.1749E+00   -0.1115E+01    0.4248E+00    0.2462E+00   -0.3214E-01   -0.3586E-01
   0.820    0.1594E+00    0.1752E+00    0.1708E+00   -0.1096E+01    0.4206E+00    0.2454E+00   -0.3143E-01   -0.3588E-01
   0.840    0.1552E+00    0.1719E+00    0.1667E+00   -0.1077E+01    0.4165E+00    0.2446E+00   -0.3072E-01   -0.3589E-01
   0.860    0.1510E+00    0.1685E+00    0.1626E+00   -0.1059E+01    0.4123E+00    0.2439E+00   -0.3002E-01   -0.3590E-01
   0.880    0.1468E+00    0.1651E+00    0.1585E+00   -0.1042E+01    0.4082E+00    0.2431E+00   -0.2932E-01   -0.3591E-01
   0.900    0.1426E+00    0.1617E+00    0.1544E+00   -0.1025E+01    0.4042E+00    0.2424E+00   -0.2863E-01   -0.3592E-01
   0.920    0.1384E+00    0.1584E+00    0.1504E+00   -0.1008E+01    0.4001E+00    0.2418E+00   -0.2795E-01   -0.3593E-01
   0.940    0.1343E+00    0.1550E+00    0.1464E+00   -0.9922E+00    0.3961E+00    0.2411E+00   -0.2728E-01   -0.3593E-01
   0.960    0.1302E+00    0.1517E+00    0.1424E+00   -0.9764E+00    0.3922E+00    0.2405E+00   -0.2662E-01   -0.3593E-01
   0.980    0.1261E+00    0.1484E+00    0.1384E+00   -0.9611E+00    0.3882E+00    0.2399E+00   -0.2597E-01   -0.3593E-01
   1.000    0.1221E+00    0.1451E+00    0.1345E+00   -0.9461E+00    0.3843E+00    0.2393E+00   -0.2534E-01   -0.3593E-01
   1.020    0.1181E+00    0.1418E+00    0.1305E+00   -0.9315E+00    0.3805E+00    0.2387E+00   -0.2471E-01   -0.3593E-01
   1.040    0.1141E+00    0.1385E+00    0.1266E+00   -0.9172E+00    0.3766E+00    0.2381E+00   -0.2409E-01   -0.3593E-01
   1.060    0.1101E+00    0.1352E+00    0.1228E+00   -0.9033E+00    0.3728E+00    0.2376E+00   -0.2348E-01   -0.3593E-01
   1.080    0.1062E+00    0.1320E+00    0.1189E+00   -0.8898E+00    0.3691E+00    0.2371E+00   -0.2289E-01   -0.3592E-01
   1.100    0.1023E+00    0.1287E+00    0.1151E+00   -0.8765E+00    0.3653E+00    0.2366E+00   -0.2231E-01   -0.3592E-01
   1.120    0.9847E-01    0.1255E+00    0.1113E+00   -0.8636E+00    0.3616E+00    0.2361E+00   -0.2174E-01   -0.3591E-01
   1.140    0.9464E-01    0.1223E+00    0.1076E+00   -0.8510E+00    0.3580E+00    0.2357E+00   -0.2118E-01   -0.3590E-01
   1.160    0.9085E-01    0.1191E+00    0.1039E+00   -0.8386E+00    0.3543E+00    0.2352E+00   -0.2063E-01   -0.3589E-01
   1.180    0.8710E-01    0.1160E+00    0.1002E+00   -0.8266E+00    0.3507E+00    0.2348E+00   -0.2009E-01   -0.3588E-01
   1.200    0.8338E-01    0.1128E+00    0.9652E-01   -0.8148E+00    0.3472E+00    0.2344E+00   -0.1957E-01   -0.3587E-01
   1.220    0.7970E-01    0.1097E+00    0.9289E-01   -0.8034E+00    0.3437E+00    0.2340E+00   -0.1906E-01   -0.3586E-01
   1.240    0.7605E-01    0.1066E+00    0.8930E-01   -0.7921E+00    0.3402E+00    0.2336E+00   -0.1856E-01   -0.3585E-01
   1.260    0.7245E-01    0.1035E+00    0.8575E-01   -0.7812E+00    0.3367E+00    0.2332E+00   -0.1807E-01   -0.3583E-01
   1.280    0.6888E-01    0.1005E+00    0.8223E-01   -0.7705E+00    0.3333E+00    0.2328E+00   -0.1759E-01   -0.3582E-01
   1.300    0.6536E-01    0.9742E-01    0.7874E-01   -0.7600E+00    0.3299E+00    0.2325E+00   -0.1713E-01   -0.3580E-01
   1.320    0.6187E-01    0.9440E-01    0.7530E-01   -0.7498E+00    0.3266E+00    0.2322E+00   -0.1667E-01   -0.3578E-01
   1.340    0.5843E-01    0.9141E-01    0.7189E-01   -0.7398E+00    0.3232E+00    0.2318E+00   -0.1623E-01   -0.3576E-01
   1.360    0.5503E-01    0.8845E-01    0.6852E-01   -0.7300E+00    0.3200E+00    0.2315E+00   -0.1580E-01   -0.3573E-01
   1.380    0.5167E-01    0.8551E-01    0.6518E-01   -0.7204E+00    0.3167E+00    0.2312E+00   -0.1538E-01   -0.3571E-01
   1.400    0.4835E-01    0.8259E-01    0.6188E-01   -0.7111E+00    0.3135E+00    0.2309E+00   -0.1497E-01   -0.3568E-01
   1.420    0.4508E-01    0.7971E-01    0.5863E-01   -0.7020E+00    0.3103E+00    0.2306E+00   -0.1457E-01   -0.3565E-01
   1.440    0.4185E-01    0.7685E-01    0.5541E-01   -0.6930E+00    0.3072E+00    0.2304E+00   -0.1418E-01   -0.3562E-01
   1.460    0.3867E-01    0.7401E-01    0.5223E-01   -0.6843E+00    0.3041E+00    0.2301E+00   -0.1381E-01   -0.3558E-01
   1.480    0.3553E-01    0.7120E-01    0.4910E-01   -0.6757E+00    0.3010E+00    0.2298E+00   -0.1344E-01   -0.3554E-01
   1.500    0.3243E-01    0.6843E-01    0.4601E-01   -0.6674E+00    0.2980E+00    0.2296E+00   -0.1308E-01   -0.3550E-01
   1.520    0.2939E-01    0.6568E-01    0.4296E-01   -0.6592E+00    0.2950E+00    0.2293E+00   -0.1274E-01   -0.3546E-01
   1.540    0.2638E-01    0.6296E-01    0.3995E-01   -0.6512E+00    0.2920E+00    0.2291E+00   -0.1240E-01   -0.3541E-01
   1.560    0.2343E-01    0.6027E-01    0.3698E-01   -0.6433E+00    0.2891E+00    0.2288E+00   -0.1207E-01   -0.3536E-01
   1.580    0.2052E-01    0.5761E-01    0.3406E-01   -0.6357E+00    0.2862E+00    0.2286E+00   -0.1176E-01   -0.3531E-01
   1.600    0.1766E-01    0.5498E-01    0.3118E-01   -0.6282E+00    0.2833E+00    0.2284E+00   -0.1145E-01   -0.3525E-01
   1.620    0.1485E-01    0.5238E-01    0.2834E-01   -0.6208E+00    0.2805E+00    0.2281E+00   -0.1115E-01   -0.3519E-01
   1.640    0.1208E-01    0.4982E-01    0.2555E-01   -0.6136E+00    0.2777E+00    0.2279E+00   -0.1086E-01   -0.3513E-01
   1.660    0.9364E-02    0.4728E-01    0.2281E-01   -0.6066E+00    0.2749E+00    0.2277E+00   -0.1058E-01   -0.3506E-01
   1.680    0.6698E-02    0.4478E-01    0.2011E-01   -0.5997E+00    0.2722E+00    0.2274E+00   -0.1031E-01   -0.3499E-01
   1.700    0.4079E-02    0.4232E-01    0.1745E-01   -0.5929E+00    0.2695E+00    0.2272E+00   -0.1005E-01   -0.3491E-01
   1.720    0.1512E-02    0.3988E-01    0.1485E-01   -0.5863E+00    0.2668E+00    0.2270E+00   -0.9794E-02   -0.3483E-01
   1.740   -0.1010E-02    0.3748E-01    0.1228E-01   -0.5799E+00    0.2642E+00    0.2267E+00   -0.9549E-02   -0.3475E-01
   1.760   -0.3478E-02    0.3512E-01    0.9770E-02   -0.5735E+00    0.2616E+00    0.2265E+00   -0.9312E-02   -0.3466E-01
   1.780   -0.5899E-02    0.3279E-01    0.7301E-02   -0.5673E+00    0.2590E+00    0.2262E+00   -0.9083E-02   -0.3457E-01
   1.800   -0.8267E-02    0.3049E-01    0.4881E-02   -0.5612E+00    0.2565E+00    0.2260E+00   -0.8862E-02   -0.3447E-01
   1.820   -0.1059E-01    0.2822E-01    0.2502E-02   -0.5553E+00    0.2540E+00    0.2258E+00   -0.8649E-02   -0.3437E-01
   1.840   -0.1286E-01    0.2599E-01    0.1727E-03   -0.5494E+00    0.2515E+00    0.2255E+00   -0.8443E-02   -0.3426E-01
   1.860   -0.1508E-01    0.2380E-01   -0.2113E-02   -0.5437E+00    0.2491E+00    0.2253E+00   -0.8244E-02   -0.3415E-01
   1.880   -0.1725E-01    0.2164E-01   -0.4349E-02   -0.5381E+00    0.2466E+00    0.2250E+00   -0.8053E-02   -0.3404E-01
   1.900   -0.1937E-01    0.1951E-01   -0.6538E-02   -0.5326E+00    0.2442E+00    0.2247E+00   -0.7869E-02   -0.3392E-01
   1.920   -0.2144E-01    0.1742E-01   -0.8684E-02   -0.5272E+00    0.2419E+00    0.2245E+00   -0.7692E-02   -0.3380E-01
   1.940   -0.2346E-01    0.1537E-01   -0.1078E-01   -0.5219E+00    0.2396E+00    0.2242E+00   -0.7521E-02   -0.3367E-01
   1.960   -0.2544E-01    0.1335E-01   -0.1284E-01   -0.5167E+00    0.2373E+00    0.2239E+00   -0.7357E-02   -0.3354E-01
   1.980   -0.2736E-01    0.1137E-01   -0.1484E-01   -0.5116E+00    0.2350E+00    0.2236E+00   -0.7200E-02   -0.3340E-01
   2.000   -0.2922E-01    0.9420E-02   -0.1679E-01   -0.5067E+00    0.2328E+00    0.2233E+00   -0.7049E-02   -0.3326E-01
   2.020   -0.3105E-01    0.7511E-02   -0.1870E-01   -0.5018E+00    0.2305E+00    0.2230E+00   -0.6904E-02   -0.3311E-01
   2.040   -0.3282E-01    0.5639E-02   -0.2055E-01   -0.4970E+00    0.2284E+00    0.2227E+00   -0.6764E-02   -0.3296E-01
   2.060   -0.3454E-01    0.3804E-02   -0.2237E-01   -0.4923E+00    0.2262E+00    0.2224E+00   -0.6631E-02   -0.3280E-01
   2.080   -0.3621E-01    0.2005E-02   -0.2413E-01   -0.4877E+00    0.2241E+00    0.2221E+00   -0.6503E-02   -0.3264E-01
   2.100   -0.3783E-01    0.2445E-03   -0.2585E-01   -0.4831E+00    0.2220E+00    0.2217E+00   -0.6381E-02   -0.3247E-01
   2.120   -0.3941E-01   -0.1479E-02   -0.2752E-01   -0.4787E+00    0.2199E+00    0.2214E+00   -0.6264E-02   -0.3231E-01
   2.140   -0.4093E-01   -0.3166E-02   -0.2914E-01   -0.4743E+00    0.2178E+00    0.2210E+00   -0.6152E-02   -0.3213E-01
   2.160   -0.4241E-01   -0.4816E-02   -0.3072E-01   -0.4700E+00    0.2158E+00    0.2206E+00   -0.6046E-02   -0.3195E-01
   2.180   -0.4384E-01   -0.6429E-02   -0.3226E-01   -0.4658E+00    0.2138E+00    0.2203E+00   -0.5944E-02   -0.3177E-01
   2.200   -0.4522E-01   -0.8005E-02   -0.3374E-01   -0.4617E+00    0.2119E+00    0.2199E+00   -0.5847E-02   -0.3158E-01
   2.220   -0.4655E-01   -0.9544E-02   -0.3518E-01   -0.4577E+00    0.2099E+00    0.2195E+00   -0.5755E-02   -0.3139E-01
   2.240   -0.4784E-01   -0.1105E-01   -0.3657E-01   -0.4537E+00    0.2080E+00    0.2190E+00   -0.5667E-02   -0.3119E-01
   2.260   -0.4908E-01   -0.1251E-01   -0.3792E-01   -0.4498E+00    0.2061E+00    0.2186E+00   -0.5584E-02   -0.3099E-01
   2.280   -0.5027E-01   -0.1394E-01   -0.3922E-01   -0.4460E+00    0.2042E+00    0.2182E+00   -0.5505E-02   -0.3078E-01
   2.300   -0.5142E-01   -0.1533E-01   -0.4048E-01   -0.4422E+00    0.2024E+00    0.2177E+00   -0.5430E-02   -0.3058E-01
   2.320   -0.5252E-01   -0.1669E-01   -0.4169E-01   -0.4385E+00    0.2006E+00    0.2172E+00   -0.5359E-02   -0.3037E-01
   2.340   -0.5358E-01   -0.1801E-01   -0.4286E-01   -0.4349E+00    0.1988E+00    0.2168E+00   -0.5291E-02   -0.3015E-01
   2.360   -0.5459E-01   -0.1929E-01   -0.4399E-01   -0.4313E+00    0.1970E+00    0.2163E+00   -0.5228E-02   -0.2993E-01
   2.380   -0.5556E-01   -0.2054E-01   -0.4507E-01   -0.4278E+00    0.1952E+00    0.2158E+00   -0.5168E-02   -0.2970E-01
   2.400   -0.5648E-01   -0.2175E-01   -0.4611E-01   -0.4243E+00    0.1935E+00    0.2152E+00   -0.5111E-02   -0.2947E-01
   2.420   -0.5736E-01   -0.2292E-01   -0.4711E-01   -0.4209E+00    0.1918E+00    0.2147E+00   -0.5058E-02   -0.2924E-01
   2.440   -0.5820E-01   -0.2406E-01   -0.4806E-01   -0.4176E+00    0.1901E+00    0.2142E+00   -0.5008E-02   -0.2901E-01
   2.460   -0.5900E-01   -0.2517E-01   -0.4898E-01   -0.4143E+00    0.1884E+00    0.2136E+00   -0.4962E-02   -0.2877E-01
   2.480   -0.5975E-01   -0.2624E-01   -0.4985E-01   -0.4111E+00    0.1868E+00    0.2130E+00   -0.4918E-02   -0.2853E-01
   2.500   -0.6047E-01   -0.2727E-01   -0.5068E-01   -0.4079E+00    0.1852E+00    0.2125E+00   -0.4877E-02   -0.2828E-01
   2.520   -0.6114E-01   -0.2828E-01   -0.5147E-01   -0.4048E+00    0.1836E+00    0.2119E+00   -0.4839E-02   -0.2804E-01
   2.540   -0.6177E-01   -0.2924E-01   -0.5223E-01   -0.4017E+00    0.1820E+00    0.2112E+00   -0.4803E-02   -0.2779E-01
   2.560   -0.6237E-01   -0.3018E-01   -0.5294E-01   -0.3987E+00    0.1804E+00    0.2106E+00   -0.4771E-02   -0.2753E-01
   2.580   -0.6292E-01   -0.3108E-01   -0.5361E-01   -0.3957E+00    0.1789E+00    0.2100E+00   -0.4740E-02   -0.2727E-01
   2.600   -0.6343E-01   -0.3194E-01   -0.5424E-01   -0.3928E+00    0.1774E+00    0.2093E+00   -0.4712E-02   -0.2701E-01
   2.620   -0.6391E-01   -0.3277E-01   -0.5484E-01   -0.3899E+00    0.1759E+00    0.2087E+00   -0.4687E-02   -0.2675E-01
   2.640   -0.6435E-01   -0.3357E-01   -0.5540E-01   -0.3870E+00    0.1744E+00    0.2080E+00   -0.4663E-02   -0.2649E-01
   2.660   -0.6475E-01   -0.3434E-01   -0.5592E-01   -0.3842E+00    0.1730E+00    0.2073E+00   -0.4642E-02   -0.2622E-01
   2.680   -0.6512E-01   -0.3508E-01   -0.5640E-01   -0.3815E+00    0.1715E+00    0.2066E+00   -0.4622E-02   -0.2595E-01
   2.700   -0.6545E-01   -0.3578E-01   -0.5686E-01   -0.3788E+00    0.1701E+00    0.2059E+00   -0.4605E-02   -0.2568E-01
   2.720   -0.6575E-01   -0.3645E-01   -0.5727E-01   -0.3761E+00    0.1687E+00    0.2052E+00   -0.4589E-02   -0.2541E-01
   2.740   -0.6601E-01   -0.3710E-01   -0.5765E-01   -0.3734E+00    0.1673E+00    0.2044E+00   -0.4575E-02   -0.2513E-01
   2.760   -0.6624E-01   -0.3771E-01   -0.5800E-01   -0.3709E+00    0.1660E+00    0.2037E+00   -0.4563E-02   -0.2486E-01
   2.780   -0.6644E-01   -0.3829E-01   -0.5832E-01   -0.3683E+00    0.1646E+00    0.2029E+00   -0.4552E-02   -0.2458E-01
   2.800   -0.6661E-01   -0.3885E-01   -0.5861E-01   -0.3658E+00    0.1633E+00    0.2021E+00   -0.4543E-02   -0.2430E-01
   2.820   -0.6674E-01   -0.3937E-01   -0.5886E-01   -0.3633E+00    0.1620E+00    0.2013E+00   -0.4535E-02   -0.2402E-01
   2.840   -0.6685E-01   -0.3987E-01   -0.5908E-01   -0.3608E+00    0.1607E+00    0.2005E+00   -0.4529E-02   -0.2374E-01
   2.860   -0.6692E-01   -0.4034E-01   -0.5927E-01   -0.3584E+00    0.1594E+00    0.1997E+00   -0.4523E-02   -0.2346E-01
   2.880   -0.6697E-01   -0.4078E-01   -0.5944E-01   -0.3560E+00    0.1581E+00    0.1989E+00   -0.4519E-02   -0.2317E-01
   2.900   -0.6699E-01   -0.4120E-01   -0.5957E-01   -0.3537E+00    0.1569E+00    0.1981E+00   -0.4517E-02   -0.2289E-01
   2.920   -0.6698E-01   -0.4159E-01   -0.5968E-01   -0.3513E+00    0.1557E+00    0.1972E+00   -0.4515E-02   -0.2261E-01
   2.940   -0.6694E-01   -0.4195E-01   -0.5976E-01   -0.3490E+00    0.1544E+00    0.1964E+00   -0.4514E-02   -0.2232E-01
   2.960   -0.6688E-01   -0.4229E-01   -0.5981E-01   -0.3468E+00    0.1533E+00    0.1955E+00   -0.4514E-02   -0.2204E-01
   2.980   -0.6679E-01   -0.4260E-01   -0.5983E-01   -0.3445E+00    0.1521E+00    0.1947E+00   -0.4515E-02   -0.2175E-01
   3.000   -0.6668E-01   -0.4288E-01   -0.5984E-01   -0.3423E+00    0.1509E+00    0.1938E+00   -0.4517E-02   -0.2147E-01
   3.020   -0.6654E-01   -0.4315E-01   -0.5981E-01   -0.3402E+00    0.1498E+00    0.1929E+00   -0.4520E-02   -0.2118E-01
   3.040   -0.6638E-01   -0.4339E-01   -0.5976E-01   -0.3380E+00    0.1486E+00    0.1920E+00   -0.4523E-02   -0.2090E-01
   3.060   -0.6620E-01   -0.4360E-01   -0.5969E-01   -0.3359E+00    0.1475E+00    0.1911E+00   -0.4527E-02   -0.2061E-01
   3.080   -0.6599E-01   -0.4380E-01   -0.5960E-01   -0.3338E+00    0.1464E+00    0.1902E+00   -0.4531E-02   -0.2033E-01
   3.100   -0.6576E-01   -0.4397E-01   -0.5948E-01   -0.3317E+00    0.1453E+00    0.1893E+00   -0.4537E-02   -0.2005E-01
   3.120   -0.6551E-01   -0.4412E-01   -0.5934E-01   -0.3297E+00    0.1442E+00    0.1884E+00   -0.4542E-02   -0.1977E-01
   3.140   -0.6525E-01   -0.4425E-01   -0.5918E-01   -0.3276E+00    0.1432E+00    0.1874E+00   -0.4548E-02   -0.1948E-01
   3.160   -0.6496E-01   -0.4435E-01   -0.5900E-01   -0.3256E+00    0.1421E+00    0.1865E+00   -0.4555E-02   -0.1920E-01
   3.180   -0.6465E-01   -0.4444E-01   -0.5881E-01   -0.3237E+00    0.1411E+00    0.1855E+00   -0.4562E-02   -0.1892E-01
   3.200   -0.6433E-01   -0.4451E-01   -0.5859E-01   -0.3217E+00    0.1401E+00    0.1846E+00   -0.4569E-02   -0.1865E-01
   3.220   -0.6398E-01   -0.4456E-01   -0.5835E-01   -0.3198E+00    0.1391E+00    0.1836E+00   -0.4576E-02   -0.1837E-01
   3.240   -0.6362E-01   -0.4459E-01   -0.5810E-01   -0.3179E+00    0.1381E+00    0.1827E+00   -0.4584E-02   -0.1809E-01
   3.260   -0.6325E-01   -0.4460E-01   -0.5783E-01   -0.3160E+00    0.1371E+00    0.1817E+00   -0.4592E-02   -0.1782E-01
   3.280   -0.6286E-01   -0.4460E-01   -0.5754E-01   -0.3141E+00    0.1361E+00    0.1807E+00   -0.4601E-02   -0.1755E-01
   3.300   -0.6245E-01   -0.4457E-01   -0.5724E-01   -0.3123E+00    0.1352E+00    0.1798E+00   -0.4609E-02   -0.1728E-01
   3.320   -0.6203E-01   -0.4453E-01   -0.5692E-01   -0.3104E+00    0.1342E+00    0.1788E+00   -0.4618E-02   -0.1701E-01
   3.340   -0.6160E-01   -0.4448E-01   -0.5659E-01   -0.3086E+00    0.1333E+00    0.1778E+00   -0.4626E-02   -0.1674E-01
   3.360   -0.6115E-01   -0.4441E-01   -0.5624E-01   -0.3068E+00    0.1324E+00    0.1768E+00   -0.4635E-02   -0.1647E-01
   3.380   -0.6069E-01   -0.4432E-01   -0.5588E-01   -0.3051E+00    0.1315E+00    0.1758E+00   -0.4644E-02   -0.1621E-01
   3.400   -0.6022E-01   -0.4422E-01   -0.5551E-01   -0.3033E+00    0.1306E+00    0.1748E+00   -0.4653E-02   -0.1595E-01
   3.420   -0.5974E-01   -0.4410E-01   -0.5513E-01   -0.3016E+00    0.1297E+00    0.1738E+00   -0.4662E-02   -0.1569E-01
   3.440   -0.5924E-01   -0.4397E-01   -0.5473E-01   -0.2999E+00    0.1289E+00    0.1728E+00   -0.4671E-02   -0.1543E-01
   3.460   -0.5874E-01   -0.4382E-01   -0.5432E-01   -0.2982E+00    0.1280E+00    0.1718E+00   -0.4680E-02   -0.1517E-01
   3.480   -0.5823E-01   -0.4367E-01   -0.5390E-01   -0.2965E+00    0.1272E+00    0.1708E+00   -0.4688E-02   -0.1492E-01
   3.500   -0.5770E-01   -0.4350E-01   -0.5347E-01   -0.2948E+00    0.1263E+00    0.1698E+00   -0.4697E-02   -0.1467E-01
   3.520   -0.5717E-01   -0.4332E-01   -0.5303E-01   -0.2931E+00    0.1255E+00    0.1688E+00   -0.4706E-02   -0.1442E-01
   3.540   -0.5663E-01   -0.4312E-01   -0.5258E-01   -0.2915E+00    0.1247E+00    0.1678E+00   -0.4714E-02   -0.1418E-01
   3.560   -0.5608E-01   -0.4292E-01   -0.5213E-01   -0.2899E+00    0.1239E+00    0.1668E+00   -0.4723E-02   -0.1393E-01
   3.580   -0.5553E-01   -0.4270E-01   -0.5166E-01   -0.2883E+00    0.1231E+00    0.1658E+00   -0.4731E-02   -0.1369E-01
   3.600   -0.5496E-01   -0.4248E-01   -0.5119E-01   -0.2867E+00    0.1223E+00    0.1648E+00   -0.4739E-02   -0.1345E-01
   3.620   -0.5440E-01   -0.4224E-01   -0.5071E-01   -0.2851E+00    0.1215E+00    0.1638E+00   -0.4747E-02   -0.1322E-01
   3.640   -0.5382E-01   -0.4199E-01   -0.5022E-01   -0.2836E+00    0.1208E+00    0.1628E+00   -0.4755E-02   -0.1298E-01
   3.660   -0.5324E-01   -0.4174E-01   -0.4973E-01   -0.2820E+00    0.1200E+00    0.1618E+00   -0.4763E-02   -0.1275E-01
   3.680   -0.5265E-01   -0.4147E-01   -0.4923E-01   -0.2805E+00    0.1193E+00    0.1608E+00   -0.4770E-02   -0.1252E-01
   3.700   -0.5207E-01   -0.4120E-01   -0.4872E-01   -0.2790E+00    0.1186E+00    0.1598E+00   -0.4778E-02   -0.1230E-01
   3.720   -0.5147E-01   -0.4092E-01   -0.4821E-01   -0.2775E+00    0.1179E+00    0.1588E+00   -0.4785E-02   -0.1208E-01
   3.740   -0.5087E-01   -0.4063E-01   -0.4769E-01   -0.2760E+00    0.1171E+00    0.1578E+00   -0.4792E-02   -0.1186E-01
   3.760   -0.5027E-01   -0.4034E-01   -0.4717E-01   -0.2745E+00    0.1164E+00    0.1568E+00   -0.4799E-02   -0.1164E-01
   3.780   -0.4967E-01   -0.4003E-01   -0.4665E-01   -0.2730E+00    0.1158E+00    0.1558E+00   -0.4805E-02   -0.1142E-01
   3.800   -0.4906E-01   -0.3972E-01   -0.4612E-01   -0.2716E+00    0.1151E+00    0.1548E+00   -0.4811E-02   -0.1121E-01
   3.820   -0.4845E-01   -0.3941E-01   -0.4559E-01   -0.2701E+00    0.1144E+00    0.1538E+00   -0.4818E-02   -0.1100E-01
   3.840   -0.4784E-01   -0.3909E-01   -0.4506E-01   -0.2687E+00    0.1137E+00    0.1528E+00   -0.4824E-02   -0.1080E-01
   3.860   -0.4723E-01   -0.3876E-01   -0.4452E-01   -0.2673E+00    0.1131E+00    0.1518E+00   -0.4829E-02   -0.1059E-01
   3.880   -0.4661E-01   -0.3843E-01   -0.4398E-01   -0.2659E+00    0.1124E+00    0.1509E+00   -0.4835E-02   -0.1039E-01
   3.900   -0.4600E-01   -0.3809E-01   -0.4344E-01   -0.2645E+00    0.1118E+00    0.1499E+00   -0.4840E-02   -0.1020E-01
   3.920   -0.4538E-01   -0.3775E-01   -0.4290E-01   -0.2631E+00    0.1112E+00    0.1489E+00   -0.4845E-02   -0.1000E-01
   3.940   -0.4477E-01   -0.3740E-01   -0.4236E-01   -0.2618E+00    0.1105E+00    0.1479E+00   -0.4850E-02   -0.9810E-02
   3.960   -0.4415E-01   -0.3705E-01   -0.4182E-01   -0.2604E+00    0.1099E+00    0.1470E+00   -0.4855E-02   -0.9621E-02
   3.980   -0.4354E-01   -0.3670E-01   -0.4127E-01   -0.2591E+00    0.1093E+00    0.1460E+00   -0.4860E-02   -0.9435E-02
   4.000   -0.4292E-01   -0.3634E-01   -0.4073E-01   -0.2577E+00    0.1087E+00    0.1451E+00   -0.4864E-02   -0.9252E-02
   4.020   -0.4231E-01   -0.3598E-01   -0.4018E-01   -0.2564E+00    0.1081E+00    0.1441E+00   -0.4868E-02   -0.9072E-02
   4.040   -0.4170E-01   -0.3561E-01   -0.3964E-01   -0.2551E+00    0.1076E+00    0.1432E+00   -0.4872E-02   -0.8895E-02
   4.060   -0.4108E-01   -0.3525E-01   -0.3909E-01   -0.2538E+00    0.1070E+00    0.1422E+00   -0.4876E-02   -0.8720E-02
   4.080   -0.4047E-01   -0.3488E-01   -0.3855E-01   -0.2525E+00    0.1064E+00    0.1413E+00   -0.4879E-02   -0.8549E-02
   4.100   -0.3987E-01   -0.3451E-01   -0.3801E-01   -0.2512E+00    0.1059E+00    0.1404E+00   -0.4883E-02   -0.8380E-02
   4.120   -0.3926E-01   -0.3414E-01   -0.3746E-01   -0.2499E+00    0.1053E+00    0.1394E+00   -0.4886E-02   -0.8214E-02
   4.140   -0.3866E-01   -0.3376E-01   -0.3692E-01   -0.2487E+00    0.1048E+00    0.1385E+00   -0.4889E-02   -0.8051E-02
   4.160   -0.3806E-01   -0.3339E-01   -0.3639E-01   -0.2474E+00    0.1042E+00    0.1376E+00   -0.4892E-02   -0.7891E-02
   4.180   -0.3746E-01   -0.3301E-01   -0.3585E-01   -0.2462E+00    0.1037E+00    0.1367E+00   -0.4894E-02   -0.7734E-02
   4.200   -0.3686E-01   -0.3263E-01   -0.3531E-01   -0.2450E+00    0.1032E+00    0.1358E+00   -0.4897E-02   -0.7579E-02
   4.220   -0.3627E-01   -0.3225E-01   -0.3478E-01   -0.2437E+00    0.1027E+00    0.1349E+00   -0.4899E-02   -0.7428E-02
   4.240   -0.3568E-01   -0.3187E-01   -0.3425E-01   -0.2425E+00    0.1021E+00    0.1340E+00   -0.4902E-02   -0.7279E-02
   4.260   -0.3510E-01   -0.3150E-01   -0.3372E-01   -0.2413E+00    0.1016E+00    0.1331E+00   -0.4904E-02   -0.7132E-02
   4.280   -0.3451E-01   -0.3112E-01   -0.3320E-01   -0.2401E+00    0.1011E+00    0.1323E+00   -0.4906E-02   -0.6989E-02
   4.300   -0.3394E-01   -0.3074E-01   -0.3268E-01   -0.2390E+00    0.1006E+00    0.1314E+00   -0.4907E-02   -0.6848E-02
   4.320   -0.3336E-01   -0.3036E-01   -0.3216E-01   -0.2378E+00    0.1002E+00    0.1305E+00   -0.4909E-02   -0.6710E-02
   4.340   -0.3279E-01   -0.2998E-01   -0.3165E-01   -0.2366E+00    0.9968E-01    0.1297E+00   -0.4911E-02   -0.6574E-02
   4.360   -0.3223E-01   -0.2960E-01   -0.3113E-01   -0.2355E+00    0.9921E-01    0.1288E+00   -0.4912E-02   -0.6441E-02
   4.380   -0.3167E-01   -0.2923E-01   -0.3063E-01   -0.2343E+00    0.9874E-01    0.1280E+00   -0.4913E-02   -0.6311E-02
   4.400   -0.3111E-01   -0.2885E-01   -0.3012E-01   -0.2332E+00    0.9828E-01    0.1271E+00   -0.4914E-02   -0.6183E-02
   4.420   -0.3056E-01   -0.2848E-01   -0.2962E-01   -0.2320E+00    0.9782E-01    0.1263E+00   -0.4916E-02   -0.6058E-02
   4.440   -0.3001E-01   -0.2811E-01   -0.2912E-01   -0.2309E+00    0.9737E-01    0.1255E+00   -0.4916E-02   -0.5935E-02
   4.460   -0.2947E-01   -0.2773E-01   -0.2863E-01   -0.2298E+00    0.9692E-01    0.1247E+00   -0.4917E-02   -0.5815E-02
   4.480   -0.2893E-01   -0.2736E-01   -0.2814E-01   -0.2287E+00    0.9648E-01    0.1238E+00   -0.4918E-02   -0.5698E-02
   4.500   -0.2840E-01   -0.2700E-01   -0.2766E-01   -0.2276E+00    0.9604E-01    0.1230E+00   -0.4919E-02   -0.5582E-02
   4.520   -0.2787E-01   -0.2663E-01   -0.2718E-01   -0.2265E+00    0.9561E-01    0.1222E+00   -0.4919E-02   -0.5470E-02
   4.540   -0.2735E-01   -0.2627E-01   -0.2671E-01   -0.2254E+00    0.9519E-01    0.1215E+00   -0.4920E-02   -0.5359E-02
   4.560   -0.2683E-01   -0.2590E-01   -0.2623E-01   -0.2244E+00    0.9476E-01    0.1207E+00   -0.4920E-02   -0.5251E-02
   4.580   -0.2632E-01   -0.2554E-01   -0.2577E-01   -0.2233E+00    0.9435E-01    0.1199E+00   -0.4920E-02   -0.5146E-02
   4.600   -0.2581E-01   -0.2519E-01   -0.2531E-01   -0.2222E+00    0.9394E-01    0.1191E+00   -0.4920E-02   -0.5042E-02
   4.620   -0.2531E-01   -0.2483E-01   -0.2485E-01   -0.2212E+00    0.9353E-01    0.1184E+00   -0.4921E-02   -0.4941E-02
   4.640   -0.2482E-01   -0.2448E-01   -0.2440E-01   -0.2201E+00    0.9313E-01    0.1176E+00   -0.4921E-02   -0.4842E-02
   4.660   -0.2433E-01   -0.2413E-01   -0.2395E-01   -0.2191E+00    0.9273E-01    0.1169E+00   -0.4921E-02   -0.4746E-02
   4.680   -0.2385E-01   -0.2378E-01   -0.2351E-01   -0.2181E+00    0.9233E-01    0.1161E+00   -0.4920E-02   -0.4651E-02
   4.700   -0.2337E-01   -0.2344E-01   -0.2307E-01   -0.2170E+00    0.9194E-01    0.1154E+00   -0.4920E-02   -0.4559E-02
   4.720   -0.2290E-01   -0.2309E-01   -0.2264E-01   -0.2160E+00    0.9156E-01    0.1147E+00   -0.4920E-02   -0.4469E-02
   4.740   -0.2243E-01   -0.2276E-01   -0.2222E-01   -0.2150E+00    0.9118E-01    0.1139E+00   -0.4920E-02   -0.4381E-02
   4.760   -0.2197E-01   -0.2242E-01   -0.2179E-01   -0.2140E+00    0.9080E-01    0.1132E+00   -0.4919E-02   -0.4295E-02
   4.780   -0.2152E-01   -0.2209E-01   -0.2138E-01   -0.2130E+00    0.9042E-01    0.1125E+00   -0.4919E-02   -0.4210E-02
   4.800   -0.2107E-01   -0.2176E-01   -0.2097E-01   -0.2121E+00    0.9005E-01    0.1118E+00   -0.4918E-02   -0.4128E-02
   4.820   -0.2063E-01   -0.2143E-01   -0.2056E-01   -0.2111E+00    0.8969E-01    0.1111E+00   -0.4917E-02   -0.4048E-02
   4.840   -0.2019E-01   -0.2111E-01   -0.2016E-01   -0.2101E+00    0.8932E-01    0.1104E+00   -0.4917E-02   -0.3970E-02
   4.860   -0.1976E-01   -0.2079E-01   -0.1976E-01   -0.2091E+00    0.8896E-01    0.1097E+00   -0.4916E-02   -0.3894E-02
   4.880   -0.1933E-01   -0.2047E-01   -0.1937E-01   -0.2082E+00    0.8861E-01    0.1091E+00   -0.4915E-02   -0.3819E-02
   4.900   -0.1891E-01   -0.2016E-01   -0.1899E-01   -0.2072E+00    0.8825E-01    0.1084E+00   -0.4914E-02   -0.3747E-02
   4.920   -0.1850E-01   -0.1984E-01   -0.1861E-01   -0.2063E+00    0.8791E-01    0.1077E+00   -0.4913E-02   -0.3676E-02
   4.940   -0.1809E-01   -0.1954E-01   -0.1823E-01   -0.2053E+00    0.8756E-01    0.1071E+00   -0.4912E-02   -0.3607E-02
   4.960   -0.1769E-01   -0.1923E-01   -0.1786E-01   -0.2044E+00    0.8722E-01    0.1064E+00   -0.4911E-02   -0.3539E-02
   4.980   -0.1729E-01   -0.1893E-01   -0.1750E-01   -0.2035E+00    0.8688E-01    0.1058E+00   -0.4909E-02   -0.3474E-02
   5.000   -0.1690E-01   -0.1864E-01   -0.1714E-01   -0.2026E+00    0.8654E-01    0.1052E+00   -0.4908E-02   -0.3410E-02
   5.020   -0.1652E-01   -0.1834E-01   -0.1678E-01   -0.2017E+00    0.8621E-01    0.1045E+00   -0.4906E-02   -0.3347E-02
   5.040   -0.1614E-01   -0.1805E-01   -0.1643E-01   -0.2007E+00    0.8588E-01    0.1039E+00   -0.4905E-02   -0.3287E-02
   5.060   -0.1576E-01   -0.1776E-01   -0.1609E-01   -0.1998E+00    0.8555E-01    0.1033E+00   -0.4903E-02   -0.3228E-02
   5.080   -0.1539E-01   -0.1748E-01   -0.1575E-01   -0.1989E+00    0.8522E-01    0.1027E+00   -0.4902E-02   -0.3170E-02
   5.100   -0.1503E-01   -0.1720E-01   -0.1541E-01   -0.1981E+00    0.8490E-01    0.1021E+00   -0.4900E-02   -0.3114E-02
   5.120   -0.1467E-01   -0.1692E-01   -0.1508E-01   -0.1972E+00    0.8458E-01    0.1015E+00   -0.4898E-02   -0.3059E-02
   5.140   -0.1432E-01   -0.1665E-01   -0.1476E-01   -0.1963E+00    0.8427E-01    0.1009E+00   -0.4896E-02   -0.3006E-02
   5.160   -0.1397E-01   -0.1637E-01   -0.1443E-01   -0.1954E+00    0.8395E-01    0.1003E+00   -0.4894E-02   -0.2954E-02
   5.180   -0.1363E-01   -0.1611E-01   -0.1412E-01   -0.1946E+00    0.8364E-01    0.9975E-01   -0.4891E-02   -0.2904E-02
   5.200   -0.1330E-01   -0.1584E-01   -0.1381E-01   -0.1937E+00    0.8333E-01    0.9918E-01   -0.4889E-02   -0.2854E-02
   5.220   -0.1297E-01   -0.1558E-01   -0.1350E-01   -0.1928E+00    0.8303E-01    0.9861E-01   -0.4887E-02   -0.2807E-02
   5.240   -0.1264E-01   -0.1532E-01   -0.1320E-01   -0.1920E+00    0.8273E-01    0.9805E-01   -0.4884E-02   -0.2760E-02
   5.260   -0.1232E-01   -0.1507E-01   -0.1290E-01   -0.1911E+00    0.8242E-01    0.9749E-01   -0.4881E-02   -0.2715E-02
   5.280   -0.1200E-01   -0.1481E-01   -0.1261E-01   -0.1903E+00    0.8213E-01    0.9694E-01   -0.4878E-02   -0.2671E-02
   5.300   -0.1169E-01   -0.1456E-01   -0.1232E-01   -0.1895E+00    0.8183E-01    0.9639E-01   -0.4875E-02   -0.2628E-02
   5.320   -0.1139E-01   -0.1432E-01   -0.1203E-01   -0.1886E+00    0.8153E-01    0.9585E-01   -0.4872E-02   -0.2587E-02
   5.340   -0.1109E-01   -0.1407E-01   -0.1175E-01   -0.1878E+00    0.8124E-01    0.9532E-01   -0.4869E-02   -0.2546E-02
   5.360   -0.1079E-01   -0.1383E-01   -0.1147E-01   -0.1870E+00    0.8095E-01    0.9479E-01   -0.4866E-02   -0.2507E-02
   5.380   -0.1050E-01   -0.1360E-01   -0.1120E-01   -0.1862E+00    0.8066E-01    0.9426E-01   -0.4862E-02   -0.2469E-02
   5.400   -0.1021E-01   -0.1336E-01   -0.1093E-01   -0.1854E+00    0.8038E-01    0.9374E-01   -0.4859E-02   -0.2432E-02
   5.420   -0.9927E-02   -0.1313E-01   -0.1067E-01   -0.1846E+00    0.8009E-01    0.9322E-01   -0.4855E-02   -0.2396E-02
   5.440   -0.9649E-02   -0.1290E-01   -0.1041E-01   -0.1838E+00    0.7981E-01    0.9271E-01   -0.4851E-02   -0.2361E-02
   5.460   -0.9375E-02   -0.1267E-01   -0.1015E-01   -0.1830E+00    0.7953E-01    0.9221E-01   -0.4847E-02   -0.2327E-02
   5.480   -0.9106E-02   -0.1245E-01   -0.9902E-02   -0.1822E+00    0.7925E-01    0.9170E-01   -0.4842E-02   -0.2294E-02
   5.500   -0.8841E-02   -0.1223E-01   -0.9653E-02   -0.1814E+00    0.7898E-01    0.9121E-01   -0.4838E-02   -0.2262E-02
   5.520   -0.8580E-02   -0.1201E-01   -0.9408E-02   -0.1806E+00    0.7870E-01    0.9071E-01   -0.4833E-02   -0.2231E-02
   5.540   -0.8323E-02   -0.1180E-01   -0.9167E-02   -0.1798E+00    0.7843E-01    0.9022E-01   -0.4829E-02   -0.2201E-02
   5.560   -0.8071E-02   -0.1158E-01   -0.8929E-02   -0.1791E+00    0.7816E-01    0.8974E-01   -0.4824E-02   -0.2171E-02
   5.580   -0.7822E-02   -0.1137E-01   -0.8695E-02   -0.1783E+00    0.7789E-01    0.8926E-01   -0.4819E-02   -0.2143E-02
   5.600   -0.7577E-02   -0.1116E-01   -0.8465E-02   -0.1775E+00    0.7762E-01    0.8878E-01   -0.4813E-02   -0.2115E-02
   5.620   -0.7336E-02   -0.1096E-01   -0.8237E-02   -0.1768E+00    0.7735E-01    0.8830E-01   -0.4808E-02   -0.2088E-02
   5.640   -0.7099E-02   -0.1075E-01   -0.8013E-02   -0.1760E+00    0.7708E-01    0.8783E-01   -0.4802E-02   -0.2062E-02
   5.660   -0.6865E-02   -0.1055E-01   -0.7792E-02   -0.1753E+00    0.7682E-01    0.8737E-01   -0.4796E-02   -0.2037E-02
   5.680   -0.6635E-02   -0.1035E-01   -0.7575E-02   -0.1745E+00    0.7655E-01    0.8690E-01   -0.4790E-02   -0.2013E-02
   5.700   -0.6408E-02   -0.1015E-01   -0.7360E-02   -0.1738E+00    0.7629E-01    0.8644E-01   -0.4784E-02   -0.1989E-02
   5.720   -0.6185E-02   -0.9960E-02   -0.7148E-02   -0.1730E+00    0.7603E-01    0.8599E-01   -0.4778E-02   -0.1966E-02
   5.740   -0.5965E-02   -0.9766E-02   -0.6939E-02   -0.1723E+00    0.7577E-01    0.8553E-01   -0.4771E-02   -0.1943E-02
   5.760   -0.5748E-02   -0.9575E-02   -0.6732E-02   -0.1716E+00    0.7551E-01    0.8508E-01   -0.4764E-02   -0.1922E-02
   5.780   -0.5534E-02   -0.9385E-02   -0.6528E-02   -0.1708E+00    0.7525E-01    0.8463E-01   -0.4757E-02   -0.1901E-02
   5.800   -0.5322E-02   -0.9197E-02   -0.6327E-02   -0.1701E+00    0.7499E-01    0.8419E-01   -0.4750E-02   -0.1880E-02
   5.820   -0.5114E-02   -0.9010E-02   -0.6128E-02   -0.1694E+00    0.7474E-01    0.8375E-01   -0.4743E-02   -0.1860E-02
   5.840   -0.4908E-02   -0.8825E-02   -0.5931E-02   -0.1687E+00    0.7448E-01    0.8331E-01   -0.4735E-02   -0.1841E-02
   5.860   -0.4705E-02   -0.8641E-02   -0.5737E-02   -0.1680E+00    0.7423E-01    0.8287E-01   -0.4727E-02   -0.1823E-02
   5.880   -0.4504E-02   -0.8459E-02   -0.5544E-02   -0.1673E+00    0.7397E-01    0.8243E-01   -0.4719E-02   -0.1805E-02
   5.900   -0.4306E-02   -0.8278E-02   -0.5354E-02   -0.1665E+00    0.7372E-01    0.8200E-01   -0.4711E-02   -0.1787E-02
   5.920   -0.4110E-02   -0.8098E-02   -0.5165E-02   -0.1658E+00    0.7347E-01    0.8157E-01   -0.4703E-02   -0.1770E-02
   5.940   -0.3916E-02   -0.7919E-02   -0.4978E-02   -0.1651E+00    0.7322E-01    0.8114E-01   -0.4694E-02   -0.1754E-02
   5.960   -0.3724E-02   -0.7742E-02   -0.4793E-02   -0.1644E+00    0.7297E-01    0.8071E-01   -0.4686E-02   -0.1738E-02
   5.980   -0.3535E-02   -0.7565E-02   -0.4611E-02   -0.1638E+00    0.7273E-01    0.8029E-01   -0.4677E-02   -0.1722E-02
   6.000   -0.3348E-02   -0.7390E-02   -0.4429E-02   -0.1631E+00    0.7248E-01    0.7987E-01   -0.4668E-02   -0.1707E-02
   6.020   -0.3163E-02   -0.7216E-02   -0.4250E-02   -0.1624E+00    0.7223E-01    0.7945E-01   -0.4659E-02   -0.1693E-02
   6.040   -0.2980E-02   -0.7043E-02   -0.4072E-02   -0.1617E+00    0.7199E-01    0.7903E-01   -0.4649E-02   -0.1678E-02
   6.060   -0.2799E-02   -0.6872E-02   -0.3897E-02   -0.1610E+00    0.7174E-01    0.7862E-01   -0.4640E-02   -0.1665E-02
   6.080   -0.2621E-02   -0.6701E-02   -0.3723E-02   -0.1603E+00    0.7150E-01    0.7820E-01   -0.4630E-02   -0.1652E-02
   6.100   -0.2444E-02   -0.6532E-02   -0.3551E-02   -0.1597E+00    0.7126E-01    0.7779E-01   -0.4620E-02   -0.1639E-02
   6.120   -0.2270E-02   -0.6364E-02   -0.3381E-02   -0.1590E+00    0.7102E-01    0.7738E-01   -0.4610E-02   -0.1626E-02
   6.140   -0.2098E-02   -0.6197E-02   -0.3212E-02   -0.1583E+00    0.7078E-01    0.7697E-01   -0.4599E-02   -0.1614E-02
   6.160   -0.1928E-02   -0.6032E-02   -0.3046E-02   -0.1577E+00    0.7054E-01    0.7657E-01   -0.4589E-02   -0.1603E-02
   6.180   -0.1760E-02   -0.5868E-02   -0.2881E-02   -0.1570E+00    0.7030E-01    0.7617E-01   -0.4578E-02   -0.1591E-02
   6.200   -0.1594E-02   -0.5705E-02   -0.2718E-02   -0.1563E+00    0.7006E-01    0.7577E-01   -0.4567E-02   -0.1580E-02
   6.220   -0.1430E-02   -0.5543E-02   -0.2557E-02   -0.1557E+00    0.6982E-01    0.7537E-01   -0.4556E-02   -0.1570E-02
   6.240   -0.1269E-02   -0.5383E-02   -0.2397E-02   -0.1550E+00    0.6959E-01    0.7497E-01   -0.4545E-02   -0.1559E-02
   6.260   -0.1109E-02   -0.5224E-02   -0.2240E-02   -0.1544E+00    0.6935E-01    0.7458E-01   -0.4533E-02   -0.1549E-02
   6.280   -0.9518E-03   -0.5066E-02   -0.2084E-02   -0.1537E+00    0.6912E-01    0.7418E-01   -0.4522E-02   -0.1540E-02
   6.300   -0.7963E-03   -0.4909E-02   -0.1930E-02   -0.1531E+00    0.6888E-01    0.7379E-01   -0.4510E-02   -0.1530E-02
   6.320   -0.6429E-03   -0.4754E-02   -0.1777E-02   -0.1524E+00    0.6865E-01    0.7341E-01   -0.4498E-02   -0.1521E-02
   6.340   -0.4915E-03   -0.4600E-02   -0.1627E-02   -0.1518E+00    0.6842E-01    0.7302E-01   -0.4486E-02   -0.1512E-02
   6.360   -0.3422E-03   -0.4448E-02   -0.1478E-02   -0.1512E+00    0.6819E-01    0.7264E-01   -0.4474E-02   -0.1504E-02
   6.380   -0.1948E-03   -0.4297E-02   -0.1331E-02   -0.1505E+00    0.6796E-01    0.7225E-01   -0.4461E-02   -0.1496E-02
   6.400   -0.4952E-04   -0.4147E-02   -0.1186E-02   -0.1499E+00    0.6773E-01    0.7187E-01   -0.4448E-02   -0.1488E-02
   6.420    0.9385E-04   -0.3999E-02   -0.1043E-02   -0.1493E+00    0.6750E-01    0.7150E-01   -0.4436E-02   -0.1480E-02
   6.440    0.2353E-03   -0.3851E-02   -0.9009E-03   -0.1487E+00    0.6727E-01    0.7112E-01   -0.4423E-02   -0.1472E-02
   6.460    0.3746E-03   -0.3706E-02   -0.7611E-03   -0.1480E+00    0.6704E-01    0.7075E-01   -0.4410E-02   -0.1465E-02
   6.480    0.5120E-03   -0.3561E-02   -0.6228E-03   -0.1474E+00    0.6682E-01    0.7038E-01   -0.4396E-02   -0.1458E-02
   6.500    0.6475E-03   -0.3418E-02   -0.4863E-03   -0.1468E+00    0.6659E-01    0.7001E-01   -0.4383E-02   -0.1451E-02
   6.520    0.7811E-03   -0.3276E-02   -0.3515E-03   -0.1462E+00    0.6636E-01    0.6964E-01   -0.4370E-02   -0.1445E-02
   6.540    0.9127E-03   -0.3136E-02   -0.2185E-03   -0.1456E+00    0.6614E-01    0.6928E-01   -0.4356E-02   -0.1438E-02
   6.560    0.1042E-02   -0.2997E-02   -0.8712E-04   -0.1450E+00    0.6591E-01    0.6891E-01   -0.4342E-02   -0.1432E-02
   6.580    0.1170E-02   -0.2859E-02    0.4254E-04   -0.1444E+00    0.6569E-01    0.6855E-01   -0.4328E-02   -0.1426E-02
   6.600    0.1296E-02   -0.2723E-02    0.1705E-03   -0.1437E+00    0.6547E-01    0.6819E-01   -0.4314E-02   -0.1420E-02
   6.620    0.1420E-02   -0.2588E-02    0.2967E-03   -0.1431E+00    0.6525E-01    0.6783E-01   -0.4300E-02   -0.1415E-02
   6.640    0.1542E-02   -0.2455E-02    0.4213E-03   -0.1425E+00    0.6502E-01    0.6748E-01   -0.4285E-02   -0.1409E-02
   6.660    0.1662E-02   -0.2323E-02    0.5441E-03   -0.1420E+00    0.6480E-01    0.6713E-01   -0.4271E-02   -0.1404E-02
   6.680    0.1781E-02   -0.2192E-02    0.6654E-03   -0.1414E+00    0.6458E-01    0.6678E-01   -0.4256E-02   -0.1399E-02
   6.700    0.1898E-02   -0.2062E-02    0.7850E-03   -0.1408E+00    0.6436E-01    0.6643E-01   -0.4241E-02   -0.1394E-02
   6.720    0.2012E-02   -0.1934E-02    0.9029E-03   -0.1402E+00    0.6414E-01    0.6608E-01   -0.4226E-02   -0.1389E-02
   6.740    0.2125E-02   -0.1808E-02    0.1019E-02   -0.1396E+00    0.6393E-01    0.6573E-01   -0.4211E-02   -0.1384E-02
   6.760    0.2236E-02   -0.1683E-02    0.1134E-02   -0.1390E+00    0.6371E-01    0.6539E-01   -0.4196E-02   -0.1380E-02
   6.780    0.2346E-02   -0.1559E-02    0.1247E-02   -0.1384E+00    0.6349E-01    0.6505E-01   -0.4181E-02   -0.1375E-02
   6.800    0.2453E-02   -0.1436E-02    0.1358E-02   -0.1379E+00    0.6327E-01    0.6471E-01   -0.4165E-02   -0.1371E-02
   6.820    0.2559E-02   -0.1315E-02    0.1468E-02   -0.1373E+00    0.6306E-01    0.6437E-01   -0.4150E-02   -0.1367E-02
   6.840    0.2663E-02   -0.1195E-02    0.1576E-02   -0.1367E+00    0.6284E-01    0.6404E-01   -0.4134E-02   -0.1363E-02
   6.860    0.2766E-02   -0.1077E-02    0.1683E-02   -0.1361E+00    0.6263E-01    0.6371E-01   -0.4118E-02   -0.1359E-02
   6.880    0.2866E-02   -0.9595E-03    0.1788E-02   -0.1356E+00    0.6241E-01    0.6337E-01   -0.4103E-02   -0.1355E-02
   6.900    0.2965E-02   -0.8437E-03    0.1891E-02   -0.1350E+00    0.6220E-01    0.6304E-01   -0.4087E-02   -0.1352E-02
   6.920    0.3063E-02   -0.7293E-03    0.1993E-02   -0.1344E+00    0.6199E-01    0.6272E-01   -0.4071E-02   -0.1348E-02
   6.940    0.3158E-02   -0.6163E-03    0.2093E-02   -0.1339E+00    0.6177E-01    0.6239E-01   -0.4054E-02   -0.1345E-02
   6.960    0.3252E-02   -0.5046E-03    0.2192E-02   -0.1333E+00    0.6156E-01    0.6207E-01   -0.4038E-02   -0.1341E-02
   6.980    0.3344E-02   -0.3943E-03    0.2289E-02   -0.1328E+00    0.6135E-01    0.6175E-01   -0.4022E-02   -0.1338E-02
   7.000    0.3435E-02   -0.2853E-03    0.2385E-02   -0.1322E+00    0.6114E-01    0.6143E-01   -0.4005E-02   -0.1335E-02
   7.020    0.3524E-02   -0.1776E-03    0.2479E-02   -0.1317E+00    0.6093E-01    0.6111E-01   -0.3989E-02   -0.1332E-02
   7.040    0.3611E-02   -0.7129E-04    0.2572E-02   -0.1311E+00    0.6072E-01    0.6079E-01   -0.3972E-02   -0.1329E-02
   7.060    0.3697E-02    0.3371E-04    0.2663E-02   -0.1306E+00    0.6051E-01    0.6048E-01   -0.3956E-02   -0.1326E-02
   7.080    0.3781E-02    0.1374E-03    0.2753E-02   -0.1300E+00    0.6030E-01    0.6016E-01   -0.3939E-02   -0.1323E-02
   7.100    0.3864E-02    0.2398E-03    0.2841E-02   -0.1295E+00    0.6009E-01    0.5985E-01   -0.3922E-02   -0.1320E-02
   7.120    0.3945E-02    0.3408E-03    0.2928E-02   -0.1289E+00    0.5989E-01    0.5954E-01   -0.3905E-02   -0.1318E-02
   7.140    0.4025E-02    0.4405E-03    0.3013E-02   -0.1284E+00    0.5968E-01    0.5924E-01   -0.3888E-02   -0.1315E-02
   7.160    0.4103E-02    0.5389E-03    0.3097E-02   -0.1279E+00    0.5947E-01    0.5893E-01   -0.3871E-02   -0.1312E-02
   7.180    0.4179E-02    0.6361E-03    0.3180E-02   -0.1273E+00    0.5927E-01    0.5863E-01   -0.3854E-02   -0.1310E-02
   7.200    0.4254E-02    0.7319E-03    0.3261E-02   -0.1268E+00    0.5906E-01    0.5833E-01   -0.3837E-02   -0.1308E-02
   7.220    0.4328E-02    0.8265E-03    0.3341E-02   -0.1263E+00    0.5885E-01    0.5803E-01   -0.3819E-02   -0.1305E-02
   7.240    0.4400E-02    0.9197E-03    0.3419E-02   -0.1257E+00    0.5865E-01    0.5773E-01   -0.3802E-02   -0.1303E-02
   7.260    0.4471E-02    0.1012E-02    0.3496E-02   -0.1252E+00    0.5845E-01    0.5743E-01   -0.3785E-02   -0.1301E-02
   7.280    0.4540E-02    0.1102E-02    0.3571E-02   -0.1247E+00    0.5824E-01    0.5714E-01   -0.3767E-02   -0.1298E-02
   7.300    0.4607E-02    0.1192E-02    0.3646E-02   -0.1242E+00    0.5804E-01    0.5685E-01   -0.3750E-02   -0.1296E-02
   7.320    0.4674E-02    0.1280E-02    0.3718E-02   -0.1237E+00    0.5784E-01    0.5656E-01   -0.3732E-02   -0.1294E-02
   7.340    0.4739E-02    0.1367E-02    0.3790E-02   -0.1231E+00    0.5763E-01    0.5627E-01   -0.3715E-02   -0.1292E-02
   7.360    0.4802E-02    0.1453E-02    0.3860E-02   -0.1226E+00    0.5743E-01    0.5598E-01   -0.3697E-02   -0.1290E-02
   7.380    0.4864E-02    0.1537E-02    0.3929E-02   -0.1221E+00    0.5723E-01    0.5569E-01   -0.3679E-02   -0.1288E-02
   7.400    0.4925E-02    0.1620E-02    0.3996E-02   -0.1216E+00    0.5703E-01    0.5541E-01   -0.3662E-02   -0.1286E-02
   7.420    0.4985E-02    0.1702E-02    0.4063E-02   -0.1211E+00    0.5683E-01    0.5513E-01   -0.3644E-02   -0.1284E-02
   7.440    0.5043E-02    0.1783E-02    0.4128E-02   -0.1206E+00    0.5663E-01    0.5485E-01   -0.3626E-02   -0.1282E-02
   7.460    0.5100E-02    0.1863E-02    0.4191E-02   -0.1201E+00    0.5643E-01    0.5457E-01   -0.3609E-02   -0.1280E-02
   7.480    0.5155E-02    0.1941E-02    0.4254E-02   -0.1196E+00    0.5623E-01    0.5429E-01   -0.3591E-02   -0.1278E-02
   7.500    0.5210E-02    0.2018E-02    0.4315E-02   -0.1191E+00    0.5603E-01    0.5401E-01   -0.3573E-02   -0.1276E-02
   7.520    0.5263E-02    0.2094E-02    0.4375E-02   -0.1186E+00    0.5583E-01    0.5374E-01   -0.3555E-02   -0.1274E-02
   7.540    0.5314E-02    0.2169E-02    0.4434E-02   -0.1181E+00    0.5564E-01    0.5347E-01   -0.3537E-02   -0.1272E-02
   7.560    0.5365E-02    0.2243E-02    0.4492E-02   -0.1176E+00    0.5544E-01    0.5320E-01   -0.3519E-02   -0.1270E-02
   7.580    0.5414E-02    0.2315E-02    0.4548E-02   -0.1171E+00    0.5524E-01    0.5293E-01   -0.3501E-02   -0.1269E-02
   7.600    0.5462E-02    0.2387E-02    0.4603E-02   -0.1166E+00    0.5505E-01    0.5266E-01   -0.3484E-02   -0.1267E-02
   7.620    0.5509E-02    0.2457E-02    0.4657E-02   -0.1162E+00    0.5485E-01    0.5240E-01   -0.3466E-02   -0.1265E-02
   7.640    0.5555E-02    0.2526E-02    0.4710E-02   -0.1157E+00    0.5466E-01    0.5213E-01   -0.3448E-02   -0.1263E-02
   7.660    0.5599E-02    0.2594E-02    0.4762E-02   -0.1152E+00    0.5446E-01    0.5187E-01   -0.3430E-02   -0.1262E-02
   7.680    0.5643E-02    0.2660E-02    0.4813E-02   -0.1147E+00    0.5427E-01    0.5161E-01   -0.3412E-02   -0.1260E-02
   7.700    0.5685E-02    0.2726E-02    0.4862E-02   -0.1142E+00    0.5407E-01    0.5135E-01   -0.3394E-02   -0.1258E-02
   7.720    0.5726E-02    0.2791E-02    0.4910E-02   -0.1138E+00    0.5388E-01    0.5109E-01   -0.3376E-02   -0.1256E-02
   7.740    0.5766E-02    0.2854E-02    0.4958E-02   -0.1133E+00    0.5369E-01    0.5083E-01   -0.3358E-02   -0.1255E-02
   7.760    0.5805E-02    0.2917E-02    0.5004E-02   -0.1128E+00    0.5350E-01    0.5058E-01   -0.3340E-02   -0.1253E-02
   7.780    0.5843E-02    0.2978E-02    0.5049E-02   -0.1124E+00    0.5330E-01    0.5033E-01   -0.3322E-02   -0.1251E-02
   7.800    0.5879E-02    0.3038E-02    0.5093E-02   -0.1119E+00    0.5311E-01    0.5007E-01   -0.3304E-02   -0.1249E-02
   7.820    0.5915E-02    0.3097E-02    0.5136E-02   -0.1114E+00    0.5292E-01    0.4982E-01   -0.3286E-02   -0.1248E-02
   7.840    0.5950E-02    0.3156E-02    0.5178E-02   -0.1110E+00    0.5273E-01    0.4958E-01   -0.3268E-02   -0.1246E-02
   7.860    0.5983E-02    0.3213E-02    0.5219E-02   -0.1105E+00    0.5254E-01    0.4933E-01   -0.3251E-02   -0.1244E-02
   7.880    0.6016E-02    0.3269E-02    0.5259E-02   -0.1100E+00    0.5235E-01    0.4908E-01   -0.3233E-02   -0.1242E-02
   7.900    0.6047E-02    0.3324E-02    0.5298E-02   -0.1096E+00    0.5216E-01    0.4884E-01   -0.3215E-02   -0.1241E-02
   7.920    0.6078E-02    0.3378E-02    0.5336E-02   -0.1091E+00    0.5197E-01    0.4860E-01   -0.3197E-02   -0.1239E-02
   7.940    0.6107E-02    0.3431E-02    0.5373E-02   -0.1087E+00    0.5179E-01    0.4835E-01   -0.3179E-02   -0.1237E-02
   7.960    0.6136E-02    0.3483E-02    0.5409E-02   -0.1082E+00    0.5160E-01    0.4812E-01   -0.3161E-02   -0.1235E-02
   7.980    0.6164E-02    0.3534E-02    0.5444E-02   -0.1078E+00    0.5141E-01    0.4788E-01   -0.3144E-02   -0.1234E-02
   8.000    0.6190E-02    0.3584E-02    0.5478E-02   -0.1073E+00    0.5122E-01    0.4764E-01   -0.3126E-02   -0.1232E-02
   8.020    0.6216E-02    0.3633E-02    0.5511E-02   -0.1069E+00    0.5104E-01    0.4740E-01   -0.3108E-02   -0.1230E-02
   8.040    0.6241E-02    0.3681E-02    0.5543E-02   -0.1064E+00    0.5085E-01    0.4717E-01   -0.3091E-02   -0.1228E-02
   8.060    0.6265E-02    0.3728E-02    0.5575E-02   -0.1060E+00    0.5067E-01    0.4694E-01   -0.3073E-02   -0.1226E-02
   8.080    0.6288E-02    0.3774E-02    0.5605E-02   -0.1055E+00    0.5048E-01    0.4671E-01   -0.3055E-02   -0.1224E-02
   8.100    0.6310E-02    0.3819E-02    0.5634E-02   -0.1051E+00    0.5030E-01    0.4648E-01   -0.3038E-02   -0.1223E-02
   8.120    0.6332E-02    0.3864E-02    0.5663E-02   -0.1047E+00    0.5011E-01    0.4625E-01   -0.3020E-02   -0.1221E-02
   8.140    0.6352E-02    0.3907E-02    0.5691E-02   -0.1042E+00    0.4993E-01    0.4602E-01   -0.3003E-02   -0.1219E-02
   8.160    0.6372E-02    0.3949E-02    0.5718E-02   -0.1038E+00    0.4975E-01    0.4580E-01   -0.2985E-02   -0.1217E-02
   8.180    0.6390E-02    0.3991E-02    0.5744E-02   -0.1034E+00    0.4956E-01    0.4557E-01   -0.2968E-02   -0.1215E-02
   8.200    0.6408E-02    0.4032E-02    0.5769E-02   -0.1029E+00    0.4938E-01    0.4535E-01   -0.2951E-02   -0.1213E-02
   8.220    0.6426E-02    0.4071E-02    0.5793E-02   -0.1025E+00    0.4920E-01    0.4513E-01   -0.2933E-02   -0.1211E-02
   8.240    0.6442E-02    0.4110E-02    0.5817E-02   -0.1021E+00    0.4902E-01    0.4491E-01   -0.2916E-02   -0.1209E-02
   8.260    0.6458E-02    0.4148E-02    0.5840E-02   -0.1017E+00    0.4884E-01    0.4469E-01   -0.2899E-02   -0.1207E-02
   8.280    0.6472E-02    0.4186E-02    0.5862E-02   -0.1012E+00    0.4866E-01    0.4447E-01   -0.2881E-02   -0.1205E-02
   8.300    0.6487E-02    0.4222E-02    0.5883E-02   -0.1008E+00    0.4848E-01    0.4425E-01   -0.2864E-02   -0.1203E-02
   8.320    0.6500E-02    0.4257E-02    0.5904E-02   -0.1004E+00    0.4830E-01    0.4404E-01   -0.2847E-02   -0.1201E-02
   8.340    0.6512E-02    0.4292E-02    0.5923E-02   -0.9998E-01    0.4812E-01    0.4383E-01   -0.2830E-02   -0.1199E-02
   8.360    0.6524E-02    0.4326E-02    0.5942E-02   -0.9956E-01    0.4794E-01    0.4361E-01   -0.2813E-02   -0.1197E-02
   8.380    0.6535E-02    0.4359E-02    0.5960E-02   -0.9915E-01    0.4776E-01    0.4340E-01   -0.2796E-02   -0.1195E-02
   8.400    0.6546E-02    0.4391E-02    0.5978E-02   -0.9874E-01    0.4758E-01    0.4319E-01   -0.2779E-02   -0.1193E-02
   8.420    0.6556E-02    0.4423E-02    0.5995E-02   -0.9833E-01    0.4741E-01    0.4298E-01   -0.2762E-02   -0.1191E-02
   8.440    0.6565E-02    0.4453E-02    0.6011E-02   -0.9792E-01    0.4723E-01    0.4278E-01   -0.2746E-02   -0.1188E-02
   8.460    0.6573E-02    0.4483E-02    0.6026E-02   -0.9751E-01    0.4705E-01    0.4257E-01   -0.2729E-02   -0.1186E-02
   8.480    0.6581E-02    0.4512E-02    0.6041E-02   -0.9711E-01    0.4688E-01    0.4237E-01   -0.2712E-02   -0.1184E-02
   8.500    0.6588E-02    0.4541E-02    0.6055E-02   -0.9670E-01    0.4670E-01    0.4216E-01   -0.2696E-02   -0.1182E-02
   8.520    0.6594E-02    0.4568E-02    0.6068E-02   -0.9630E-01    0.4653E-01    0.4196E-01   -0.2679E-02   -0.1179E-02
   8.540    0.6600E-02    0.4595E-02    0.6081E-02   -0.9590E-01    0.4635E-01    0.4176E-01   -0.2663E-02   -0.1177E-02
   8.560    0.6605E-02    0.4621E-02    0.6093E-02   -0.9550E-01    0.4618E-01    0.4156E-01   -0.2646E-02   -0.1175E-02
   8.580    0.6610E-02    0.4647E-02    0.6104E-02   -0.9511E-01    0.4601E-01    0.4136E-01   -0.2630E-02   -0.1173E-02
   8.600    0.6614E-02    0.4671E-02    0.6115E-02   -0.9471E-01    0.4583E-01    0.4116E-01   -0.2613E-02   -0.1170E-02
   8.620    0.6617E-02    0.4695E-02    0.6125E-02   -0.9432E-01    0.4566E-01    0.4096E-01   -0.2597E-02   -0.1168E-02
   8.640    0.6620E-02    0.4719E-02    0.6134E-02   -0.9393E-01    0.4549E-01    0.4077E-01   -0.2581E-02   -0.1165E-02
   8.660    0.6623E-02    0.4741E-02    0.6143E-02   -0.9354E-01    0.4532E-01    0.4058E-01   -0.2565E-02   -0.1163E-02
   8.680    0.6624E-02    0.4763E-02    0.6152E-02   -0.9315E-01    0.4515E-01    0.4038E-01   -0.2549E-02   -0.1161E-02
   8.700    0.6625E-02    0.4784E-02    0.6159E-02   -0.9276E-01    0.4497E-01    0.4019E-01   -0.2533E-02   -0.1158E-02
   8.720    0.6626E-02    0.4805E-02    0.6166E-02   -0.9238E-01    0.4480E-01    0.4000E-01   -0.2517E-02   -0.1156E-02
   8.740    0.6626E-02    0.4825E-02    0.6173E-02   -0.9200E-01    0.4464E-01    0.3981E-01   -0.2501E-02   -0.1153E-02
   8.760    0.6626E-02    0.4844E-02    0.6179E-02   -0.9161E-01    0.4447E-01    0.3962E-01   -0.2485E-02   -0.1150E-02
   8.780    0.6625E-02    0.4863E-02    0.6184E-02   -0.9123E-01    0.4430E-01    0.3943E-01   -0.2470E-02   -0.1148E-02
   8.800    0.6623E-02    0.4881E-02    0.6189E-02   -0.9086E-01    0.4413E-01    0.3925E-01   -0.2454E-02   -0.1145E-02
   8.820    0.6621E-02    0.4898E-02    0.6194E-02   -0.9048E-01    0.4396E-01    0.3906E-01   -0.2438E-02   -0.1143E-02
   8.840    0.6619E-02    0.4915E-02    0.6198E-02   -0.9010E-01    0.4379E-01    0.3888E-01   -0.2423E-02   -0.1140E-02
   8.860    0.6616E-02    0.4931E-02    0.6201E-02   -0.8973E-01    0.4363E-01    0.3870E-01   -0.2407E-02   -0.1137E-02
   8.880    0.6613E-02    0.4947E-02    0.6204E-02   -0.8936E-01    0.4346E-01    0.3851E-01   -0.2392E-02   -0.1135E-02
   8.900    0.6609E-02    0.4962E-02    0.6206E-02   -0.8899E-01    0.4329E-01    0.3833E-01   -0.2377E-02   -0.1132E-02
   8.920    0.6605E-02    0.4976E-02    0.6208E-02   -0.8862E-01    0.4313E-01    0.3815E-01   -0.2361E-02   -0.1129E-02
   8.940    0.6600E-02    0.4990E-02    0.6210E-02   -0.8825E-01    0.4296E-01    0.3797E-01   -0.2346E-02   -0.1126E-02
   8.960    0.6595E-02    0.5003E-02    0.6211E-02   -0.8788E-01    0.4280E-01    0.3780E-01   -0.2331E-02   -0.1124E-02
   8.980    0.6589E-02    0.5016E-02    0.6211E-02   -0.8752E-01    0.4264E-01    0.3762E-01   -0.2316E-02   -0.1121E-02
   9.000    0.6583E-02    0.5028E-02    0.6211E-02   -0.8716E-01    0.4247E-01    0.3744E-01   -0.2301E-02   -0.1118E-02
   9.020    0.6577E-02    0.5039E-02    0.6211E-02   -0.8680E-01    0.4231E-01    0.3727E-01   -0.2286E-02   -0.1115E-02
   9.040    0.6570E-02    0.5050E-02    0.6210E-02   -0.8644E-01    0.4215E-01    0.3710E-01   -0.2272E-02   -0.1112E-02
   9.060    0.6563E-02    0.5061E-02    0.6208E-02   -0.8608E-01    0.4198E-01    0.3692E-01   -0.2257E-02   -0.1109E-02
   9.080    0.6556E-02    0.5071E-02    0.6207E-02   -0.8572E-01    0.4182E-01    0.3675E-01   -0.2242E-02   -0.1106E-02
   9.100    0.6548E-02    0.5080E-02    0.6204E-02   -0.8537E-01    0.4166E-01    0.3658E-01   -0.2228E-02   -0.1104E-02
   9.120    0.6539E-02    0.5089E-02    0.6202E-02   -0.8501E-01    0.4150E-01    0.3641E-01   -0.2213E-02   -0.1101E-02
   9.140    0.6531E-02    0.5098E-02    0.6199E-02   -0.8466E-01    0.4134E-01    0.3624E-01   -0.2199E-02   -0.1098E-02
   9.160    0.6522E-02    0.5106E-02    0.6195E-02   -0.8431E-01    0.4118E-01    0.3608E-01   -0.2184E-02   -0.1095E-02
   9.180    0.6512E-02    0.5113E-02    0.6192E-02   -0.8396E-01    0.4102E-01    0.3591E-01   -0.2170E-02   -0.1091E-02
   9.200    0.6503E-02    0.5120E-02    0.6188E-02   -0.8361E-01    0.4086E-01    0.3574E-01   -0.2156E-02   -0.1088E-02
   9.220    0.6493E-02    0.5127E-02    0.6183E-02   -0.8327E-01    0.4071E-01    0.3558E-01   -0.2142E-02   -0.1085E-02
   9.240    0.6482E-02    0.5133E-02    0.6178E-02   -0.8292E-01    0.4055E-01    0.3542E-01   -0.2128E-02   -0.1082E-02
   9.260    0.6472E-02    0.5138E-02    0.6173E-02   -0.8258E-01    0.4039E-01    0.3525E-01   -0.2114E-02   -0.1079E-02
   9.280    0.6461E-02    0.5143E-02    0.6167E-02   -0.8224E-01    0.4023E-01    0.3509E-01   -0.2100E-02   -0.1076E-02
   9.300    0.6449E-02    0.5148E-02    0.6161E-02   -0.8190E-01    0.4008E-01    0.3493E-01   -0.2086E-02   -0.1073E-02
   9.320    0.6438E-02    0.5152E-02    0.6155E-02   -0.8156E-01    0.3992E-01    0.3477E-01   -0.2072E-02   -0.1070E-02
   9.340    0.6426E-02    0.5156E-02    0.6148E-02   -0.8122E-01    0.3977E-01    0.3461E-01   -0.2058E-02   -0.1066E-02
   9.360    0.6414E-02    0.5160E-02    0.6141E-02   -0.8089E-01    0.3961E-01    0.3445E-01   -0.2045E-02   -0.1063E-02
   9.380    0.6401E-02    0.5163E-02    0.6134E-02   -0.8055E-01    0.3946E-01    0.3429E-01   -0.2031E-02   -0.1060E-02
   9.400    0.6388E-02    0.5165E-02    0.6126E-02   -0.8022E-01    0.3930E-01    0.3414E-01   -0.2018E-02   -0.1057E-02
   9.420    0.6375E-02    0.5167E-02    0.6118E-02   -0.7989E-01    0.3915E-01    0.3398E-01   -0.2004E-02   -0.1053E-02
   9.440    0.6362E-02    0.5169E-02    0.6110E-02   -0.7956E-01    0.3900E-01    0.3383E-01   -0.1991E-02   -0.1050E-02
   9.460    0.6349E-02    0.5171E-02    0.6102E-02   -0.7923E-01    0.3884E-01    0.3367E-01   -0.1978E-02   -0.1047E-02
   9.480    0.6335E-02    0.5172E-02    0.6093E-02   -0.7890E-01    0.3869E-01    0.3352E-01   -0.1965E-02   -0.1043E-02
   9.500    0.6321E-02    0.5172E-02    0.6084E-02   -0.7858E-01    0.3854E-01    0.3337E-01   -0.1952E-02   -0.1040E-02
   9.520    0.6307E-02    0.5172E-02    0.6074E-02   -0.7825E-01    0.3839E-01    0.3322E-01   -0.1939E-02   -0.1037E-02
   9.540    0.6292E-02    0.5172E-02    0.6065E-02   -0.7793E-01    0.3824E-01    0.3307E-01   -0.1926E-02   -0.1033E-02
   9.560    0.6278E-02    0.5172E-02    0.6055E-02   -0.7761E-01    0.3809E-01    0.3292E-01   -0.1913E-02   -0.1030E-02
   9.580    0.6263E-02    0.5171E-02    0.6044E-02   -0.7729E-01    0.3794E-01    0.3277E-01   -0.1900E-02   -0.1027E-02
   9.600    0.6247E-02    0.5170E-02    0.6034E-02   -0.7697E-01    0.3779E-01    0.3262E-01   -0.1887E-02   -0.1023E-02
   9.620    0.6232E-02    0.5168E-02    0.6023E-02   -0.7665E-01    0.3764E-01    0.3247E-01   -0.1875E-02   -0.1020E-02
   9.640    0.6217E-02    0.5166E-02    0.6012E-02   -0.7633E-01    0.3749E-01    0.3233E-01   -0.1862E-02   -0.1016E-02
   9.660    0.6201E-02    0.5164E-02    0.6001E-02   -0.7602E-01    0.3735E-01    0.3218E-01   -0.1850E-02   -0.1013E-02
   9.680    0.6185E-02    0.5162E-02    0.5990E-02   -0.7570E-01    0.3720E-01    0.3204E-01   -0.1837E-02   -0.1009E-02
   9.700    0.6169E-02    0.5159E-02    0.5978E-02   -0.7539E-01    0.3705E-01    0.3189E-01   -0.1825E-02   -0.1006E-02
   9.720    0.6152E-02    0.5156E-02    0.5966E-02   -0.7508E-01    0.3691E-01    0.3175E-01   -0.1813E-02   -0.1002E-02
   9.740    0.6136E-02    0.5152E-02    0.5954E-02   -0.7477E-01    0.3676E-01    0.3161E-01   -0.1800E-02   -0.9988E-03
   9.760    0.6119E-02    0.5148E-02    0.5941E-02   -0.7446E-01    0.3662E-01    0.3147E-01   -0.1788E-02   -0.9953E-03
   9.780    0.6102E-02    0.5144E-02    0.5929E-02   -0.7416E-01    0.3647E-01    0.3133E-01   -0.1776E-02   -0.9917E-03
   9.800    0.6085E-02    0.5140E-02    0.5916E-02   -0.7385E-01    0.3633E-01    0.3119E-01   -0.1764E-02   -0.9882E-03
   9.820    0.6068E-02    0.5135E-02    0.5903E-02   -0.7355E-01    0.3618E-01    0.3105E-01   -0.1752E-02   -0.9846E-03
   9.840    0.6051E-02    0.5130E-02    0.5890E-02   -0.7324E-01    0.3604E-01    0.3091E-01   -0.1741E-02   -0.9810E-03
   9.860    0.6033E-02    0.5125E-02    0.5876E-02   -0.7294E-01    0.3590E-01    0.3077E-01   -0.1729E-02   -0.9775E-03
   9.880    0.6016E-02    0.5119E-02    0.5863E-02   -0.7264E-01    0.3575E-01    0.3064E-01   -0.1717E-02   -0.9739E-03
   9.900    0.5998E-02    0.5114E-02    0.5849E-02   -0.7234E-01    0.3561E-01    0.3050E-01   -0.1706E-02   -0.9703E-03
   9.920    0.5980E-02    0.5108E-02    0.5835E-02   -0.7204E-01    0.3547E-01    0.3036E-01   -0.1694E-02   -0.9667E-03
   9.940    0.5962E-02    0.5101E-02    0.5821E-02   -0.7175E-01    0.3533E-01    0.3023E-01   -0.1683E-02   -0.9631E-03
   9.960    0.5944E-02    0.5095E-02    0.5806E-02   -0.7145E-01    0.3519E-01    0.3010E-01   -0.1671E-02   -0.9595E-03
   9.980    0.5925E-02    0.5088E-02    0.5792E-02   -0.7116E-01    0.3505E-01    0.2996E-01   -0.1660E-02   -0.9559E-03
  10.000    0.5907E-02    0.5081E-02    0.5777E-02   -0.7086E-01    0.3491E-01    0.2983E-01   -0.1649E-02   -0.9522E-03
  10.020    0.5888E-02    0.5074E-02    0.5762E-02   -0.7057E-01    0.3477E-01    0.2970E-01   -0.1637E-02   -0.9486E-03
  10.040    0.5870E-02    0.5066E-02    0.5747E-02   -0.7028E-01    0.3463E-01    0.2957E-01   -0.1626E-02   -0.9450E-03
  10.060    0.5851E-02    0.5058E-02    0.5732E-02   -0.6999E-01    0.3450E-01    0.2944E-01   -0.1615E-02   -0.9413E-03
  10.080    0.5832E-02    0.5050E-02    0.5717E-02   -0.6971E-01    0.3436E-01    0.2931E-01   -0.1604E-02   -0.9377E-03
  10.100    0.5813E-02    0.5042E-02    0.5702E-02   -0.6942E-01    0.3422E-01    0.2918E-01   -0.1593E-02   -0.9340E-03
  10.120    0.5794E-02    0.5034E-02    0.5686E-02   -0.6913E-01    0.3409E-01    0.2905E-01   -0.1583E-02   -0.9304E-03
  10.140    0.5775E-02    0.5025E-02    0.5670E-02   -0.6885E-01    0.3395E-01    0.2892E-01   -0.1572E-02   -0.9267E-03
  10.160    0.5756E-02    0.5016E-02    0.5654E-02   -0.6857E-01    0.3381E-01    0.2880E-01   -0.1561E-02   -0.9231E-03
  10.180    0.5736E-02    0.5007E-02    0.5638E-02   -0.6829E-01    0.3368E-01    0.2867E-01   -0.1551E-02   -0.9194E-03
  10.200    0.5717E-02    0.4998E-02    0.5622E-02   -0.6801E-01    0.3354E-01    0.2855E-01   -0.1540E-02   -0.9157E-03
  10.220    0.5697E-02    0.4989E-02    0.5606E-02   -0.6773E-01    0.3341E-01    0.2842E-01   -0.1530E-02   -0.9121E-03
  10.240    0.5677E-02    0.4979E-02    0.5590E-02   -0.6745E-01    0.3328E-01    0.2830E-01   -0.1519E-02   -0.9084E-03
  10.260    0.5658E-02    0.4969E-02    0.5573E-02   -0.6717E-01    0.3314E-01    0.2817E-01   -0.1509E-02   -0.9048E-03
  10.280    0.5638E-02    0.4959E-02    0.5556E-02   -0.6690E-01    0.3301E-01    0.2805E-01   -0.1499E-02   -0.9011E-03
  10.300    0.5618E-02    0.4949E-02    0.5540E-02   -0.6662E-01    0.3288E-01    0.2793E-01   -0.1488E-02   -0.8974E-03
  10.320    0.5598E-02    0.4938E-02    0.5523E-02   -0.6635E-01    0.3275E-01    0.2781E-01   -0.1478E-02   -0.8938E-03
  10.340    0.5578E-02    0.4928E-02    0.5506E-02   -0.6608E-01    0.3262E-01    0.2769E-01   -0.1468E-02   -0.8901E-03
  10.360    0.5558E-02    0.4917E-02    0.5489E-02   -0.6581E-01    0.3248E-01    0.2757E-01   -0.1458E-02   -0.8865E-03
  10.380    0.5538E-02    0.4906E-02    0.5472E-02   -0.6554E-01    0.3235E-01    0.2745E-01   -0.1448E-02   -0.8828E-03
  10.400    0.5518E-02    0.4895E-02    0.5454E-02   -0.6527E-01    0.3222E-01    0.2733E-01   -0.1438E-02   -0.8792E-03
  10.420    0.5497E-02    0.4884E-02    0.5437E-02   -0.6500E-01    0.3209E-01    0.2721E-01   -0.1429E-02   -0.8755E-03
  10.440    0.5477E-02    0.4873E-02    0.5420E-02   -0.6473E-01    0.3197E-01    0.2709E-01   -0.1419E-02   -0.8719E-03
  10.460    0.5457E-02    0.4861E-02    0.5402E-02   -0.6447E-01    0.3184E-01    0.2698E-01   -0.1409E-02   -0.8682E-03
  10.480    0.5436E-02    0.4850E-02    0.5385E-02   -0.6421E-01    0.3171E-01    0.2686E-01   -0.1400E-02   -0.8646E-03
  10.500    0.5416E-02    0.4838E-02    0.5367E-02   -0.6394E-01    0.3158E-01    0.2674E-01   -0.1390E-02   -0.8609E-03
  10.520    0.5395E-02    0.4826E-02    0.5349E-02   -0.6368E-01    0.3146E-01    0.2663E-01   -0.1381E-02   -0.8573E-03
  10.540    0.5375E-02    0.4814E-02    0.5331E-02   -0.6342E-01    0.3133E-01    0.2651E-01   -0.1371E-02   -0.8537E-03
  10.560    0.5354E-02    0.4801E-02    0.5313E-02   -0.6316E-01    0.3120E-01    0.2640E-01   -0.1362E-02   -0.8501E-03
  10.580    0.5334E-02    0.4789E-02    0.5295E-02   -0.6290E-01    0.3108E-01    0.2629E-01   -0.1353E-02   -0.8465E-03
  10.600    0.5313E-02    0.4777E-02    0.5277E-02   -0.6265E-01    0.3095E-01    0.2618E-01   -0.1343E-02   -0.8429E-03
  10.620    0.5292E-02    0.4764E-02    0.5259E-02   -0.6239E-01    0.3083E-01    0.2606E-01   -0.1334E-02   -0.8393E-03
  10.640    0.5272E-02    0.4751E-02    0.5241E-02   -0.6214E-01    0.3070E-01    0.2595E-01   -0.1325E-02   -0.8357E-03
  10.660    0.5251E-02    0.4738E-02    0.5222E-02   -0.6188E-01    0.3058E-01    0.2584E-01   -0.1316E-02   -0.8321E-03
  10.680    0.5230E-02    0.4725E-02    0.5204E-02   -0.6163E-01    0.3046E-01    0.2573E-01   -0.1307E-02   -0.8285E-03
  10.700    0.5209E-02    0.4712E-02    0.5186E-02   -0.6138E-01    0.3033E-01    0.2562E-01   -0.1298E-02   -0.8250E-03
  10.720    0.5189E-02    0.4699E-02    0.5167E-02   -0.6113E-01    0.3021E-01    0.2551E-01   -0.1289E-02   -0.8214E-03
  10.740    0.5168E-02    0.4686E-02    0.5149E-02   -0.6088E-01    0.3009E-01    0.2540E-01   -0.1281E-02   -0.8179E-03
  10.760    0.5147E-02    0.4672E-02    0.5130E-02   -0.6063E-01    0.2997E-01    0.2529E-01   -0.1272E-02   -0.8143E-03
  10.780    0.5126E-02    0.4659E-02    0.5112E-02   -0.6038E-01    0.2985E-01    0.2519E-01   -0.1263E-02   -0.8108E-03
  10.800    0.5105E-02    0.4645E-02    0.5093E-02   -0.6014E-01    0.2973E-01    0.2508E-01   -0.1255E-02   -0.8073E-03
  10.820    0.5084E-02    0.4632E-02    0.5074E-02   -0.5989E-01    0.2961E-01    0.2497E-01   -0.1246E-02   -0.8038E-03
  10.840    0.5063E-02    0.4618E-02    0.5055E-02   -0.5965E-01    0.2949E-01    0.2487E-01   -0.1238E-02   -0.8003E-03
  10.860    0.5042E-02    0.4604E-02    0.5037E-02   -0.5941E-01    0.2937E-01    0.2476E-01   -0.1229E-02   -0.7968E-03
  10.880    0.5022E-02    0.4590E-02    0.5018E-02   -0.5917E-01    0.2925E-01    0.2466E-01   -0.1221E-02   -0.7933E-03
  10.900    0.5001E-02    0.4576E-02    0.4999E-02   -0.5892E-01    0.2913E-01    0.2455E-01   -0.1213E-02   -0.7899E-03
  10.920    0.4980E-02    0.4562E-02    0.4980E-02   -0.5868E-01    0.2901E-01    0.2445E-01   -0.1205E-02   -0.7864E-03
  10.940    0.4959E-02    0.4547E-02    0.4961E-02   -0.5845E-01    0.2890E-01    0.2435E-01   -0.1196E-02   -0.7830E-03
  10.960    0.4938E-02    0.4533E-02    0.4942E-02   -0.5821E-01    0.2878E-01    0.2425E-01   -0.1188E-02   -0.7796E-03
  10.980    0.4917E-02    0.4519E-02    0.4923E-02   -0.5797E-01    0.2866E-01    0.2414E-01   -0.1180E-02   -0.7762E-03
  11.000    0.4896E-02    0.4504E-02    0.4904E-02   -0.5774E-01    0.2855E-01    0.2404E-01   -0.1172E-02   -0.7728E-03
  11.020    0.4875E-02    0.4490E-02    0.4885E-02   -0.5750E-01    0.2843E-01    0.2394E-01   -0.1164E-02   -0.7694E-03
  11.040    0.4854E-02    0.4475E-02    0.4866E-02   -0.5727E-01    0.2832E-01    0.2384E-01   -0.1157E-02   -0.7660E-03
  11.060    0.4833E-02    0.4460E-02    0.4847E-02   -0.5704E-01    0.2820E-01    0.2374E-01   -0.1149E-02   -0.7627E-03
  11.080    0.4813E-02    0.4446E-02    0.4827E-02   -0.5681E-01    0.2809E-01    0.2364E-01   -0.1141E-02   -0.7593E-03
  11.100    0.4792E-02    0.4431E-02    0.4808E-02   -0.5658E-01    0.2797E-01    0.2354E-01   -0.1133E-02   -0.7560E-03
  11.120    0.4771E-02    0.4416E-02    0.4789E-02   -0.5635E-01    0.2786E-01    0.2344E-01   -0.1126E-02   -0.7527E-03
  11.140    0.4750E-02    0.4401E-02    0.4770E-02   -0.5612E-01    0.2775E-01    0.2335E-01   -0.1118E-02   -0.7494E-03
  11.160    0.4729E-02    0.4386E-02    0.4751E-02   -0.5589E-01    0.2763E-01    0.2325E-01   -0.1111E-02   -0.7461E-03
  11.180    0.4708E-02    0.4371E-02    0.4732E-02   -0.5566E-01    0.2752E-01    0.2315E-01   -0.1103E-02   -0.7428E-03
  11.200    0.4688E-02    0.4356E-02    0.4712E-02   -0.5544E-01    0.2741E-01    0.2306E-01   -0.1096E-02   -0.7396E-03
  11.220    0.4667E-02    0.4341E-02    0.4693E-02   -0.5521E-01    0.2730E-01    0.2296E-01   -0.1088E-02   -0.7364E-03
  11.240    0.4646E-02    0.4326E-02    0.4674E-02   -0.5499E-01    0.2719E-01    0.2286E-01   -0.1081E-02   -0.7331E-03
  11.260    0.4625E-02    0.4311E-02    0.4655E-02   -0.5477E-01    0.2708E-01    0.2277E-01   -0.1074E-02   -0.7299E-03
  11.280    0.4605E-02    0.4295E-02    0.4635E-02   -0.5455E-01    0.2697E-01    0.2267E-01   -0.1067E-02   -0.7268E-03
  11.300    0.4584E-02    0.4280E-02    0.4616E-02   -0.5433E-01    0.2686E-01    0.2258E-01   -0.1060E-02   -0.7236E-03
  11.320    0.4563E-02    0.4265E-02    0.4597E-02   -0.5411E-01    0.2675E-01    0.2249E-01   -0.1053E-02   -0.7204E-03
  11.340    0.4543E-02    0.4249E-02    0.4577E-02   -0.5389E-01    0.2664E-01    0.2239E-01   -0.1046E-02   -0.7173E-03
  11.360    0.4522E-02    0.4234E-02    0.4558E-02   -0.5367E-01    0.2654E-01    0.2230E-01   -0.1039E-02   -0.7142E-03
  11.380    0.4501E-02    0.4218E-02    0.4539E-02   -0.5346E-01    0.2643E-01    0.2221E-01   -0.1032E-02   -0.7111E-03
  11.400    0.4481E-02    0.4203E-02    0.4520E-02   -0.5324E-01    0.2632E-01    0.2212E-01   -0.1025E-02   -0.7080E-03
  11.420    0.4460E-02    0.4187E-02    0.4500E-02   -0.5303E-01    0.2621E-01    0.2203E-01   -0.1018E-02   -0.7049E-03
  11.440    0.4440E-02    0.4172E-02    0.4481E-02   -0.5281E-01    0.2611E-01    0.2194E-01   -0.1011E-02   -0.7019E-03
  11.460    0.4419E-02    0.4156E-02    0.4462E-02   -0.5260E-01    0.2600E-01    0.2185E-01   -0.1005E-02   -0.6989E-03
  11.480    0.4399E-02    0.4140E-02    0.4443E-02   -0.5239E-01    0.2590E-01    0.2176E-01   -0.9980E-03   -0.6959E-03
  11.500    0.4378E-02    0.4125E-02    0.4423E-02   -0.5218E-01    0.2579E-01    0.2167E-01   -0.9914E-03   -0.6929E-03
  11.520    0.4358E-02    0.4109E-02    0.4404E-02   -0.5197E-01    0.2569E-01    0.2158E-01   -0.9849E-03   -0.6899E-03
  11.540    0.4338E-02    0.4093E-02    0.4385E-02   -0.5176E-01    0.2558E-01    0.2149E-01   -0.9784E-03   -0.6869E-03
  11.560    0.4317E-02    0.4078E-02    0.4366E-02   -0.5155E-01    0.2548E-01    0.2140E-01   -0.9720E-03   -0.6840E-03
  11.580    0.4297E-02    0.4062E-02    0.4346E-02   -0.5134E-01    0.2538E-01    0.2131E-01   -0.9656E-03   -0.6811E-03
  11.600    0.4277E-02    0.4046E-02    0.4327E-02   -0.5114E-01    0.2527E-01    0.2123E-01   -0.9593E-03   -0.6782E-03
  11.620    0.4257E-02    0.4030E-02    0.4308E-02   -0.5093E-01    0.2517E-01    0.2114E-01   -0.9530E-03   -0.6753E-03
  11.640    0.4237E-02    0.4015E-02    0.4289E-02   -0.5073E-01    0.2507E-01    0.2105E-01   -0.9468E-03   -0.6724E-03
  11.660    0.4217E-02    0.3999E-02    0.4270E-02   -0.5052E-01    0.2497E-01    0.2097E-01   -0.9406E-03   -0.6696E-03
  11.680    0.4197E-02    0.3983E-02    0.4251E-02   -0.5032E-01    0.2487E-01    0.2088E-01   -0.9345E-03   -0.6668E-03
  11.700    0.4177E-02    0.3967E-02    0.4232E-02   -0.5012E-01    0.2477E-01    0.2080E-01   -0.9284E-03   -0.6640E-03
  11.720    0.4157E-02    0.3951E-02    0.4212E-02   -0.4992E-01    0.2467E-01    0.2071E-01   -0.9224E-03   -0.6612E-03
  11.740    0.4137E-02    0.3935E-02    0.4193E-02   -0.4972E-01    0.2457E-01    0.2063E-01   -0.9164E-03   -0.6584E-03
  11.760    0.4117E-02    0.3920E-02    0.4174E-02   -0.4952E-01    0.2447E-01    0.2055E-01   -0.9105E-03   -0.6557E-03
  11.780    0.4097E-02    0.3904E-02    0.4155E-02   -0.4932E-01    0.2437E-01    0.2046E-01   -0.9046E-03   -0.6529E-03
  11.800    0.4077E-02    0.3888E-02    0.4136E-02   -0.4912E-01    0.2427E-01    0.2038E-01   -0.8988E-03   -0.6502E-03
  11.820    0.4057E-02    0.3872E-02    0.4117E-02   -0.4893E-01    0.2417E-01    0.2030E-01   -0.8930E-03   -0.6475E-03
  11.840    0.4038E-02    0.3856E-02    0.4098E-02   -0.4873E-01    0.2407E-01    0.2022E-01   -0.8873E-03   -0.6449E-03
  11.860    0.4018E-02    0.3840E-02    0.4080E-02   -0.4854E-01    0.2397E-01    0.2013E-01   -0.8816E-03   -0.6422E-03
  11.880    0.3998E-02    0.3824E-02    0.4061E-02   -0.4834E-01    0.2388E-01    0.2005E-01   -0.8760E-03   -0.6396E-03
  11.900    0.3979E-02    0.3808E-02    0.4042E-02   -0.4815E-01    0.2378E-01    0.1997E-01   -0.8704E-03   -0.6370E-03
  11.920    0.3959E-02    0.3793E-02    0.4023E-02   -0.4796E-01    0.2368E-01    0.1989E-01   -0.8649E-03   -0.6344E-03
  11.940    0.3940E-02    0.3777E-02    0.4004E-02   -0.4777E-01    0.2359E-01    0.1981E-01   -0.8594E-03   -0.6318E-03
  11.960    0.3920E-02    0.3761E-02    0.3985E-02   -0.4758E-01    0.2349E-01    0.1973E-01   -0.8539E-03   -0.6293E-03
  11.980    0.3901E-02    0.3745E-02    0.3967E-02   -0.4739E-01    0.2340E-01    0.1965E-01   -0.8485E-03   -0.6267E-03
  12.000    0.3882E-02    0.3729E-02    0.3948E-02   -0.4720E-01    0.2330E-01    0.1957E-01   -0.8432E-03   -0.6242E-03
  12.020    0.3862E-02    0.3713E-02    0.3929E-02   -0.4701E-01    0.2321E-01    0.1950E-01   -0.8379E-03   -0.6217E-03
  12.040    0.3843E-02    0.3697E-02    0.3911E-02   -0.4682E-01    0.2312E-01    0.1942E-01   -0.8327E-03   -0.6193E-03
  12.060    0.3824E-02    0.3682E-02    0.3892E-02   -0.4664E-01    0.2302E-01    0.1934E-01   -0.8274E-03   -0.6168E-03
  12.080    0.3805E-02    0.3666E-02    0.3874E-02   -0.4645E-01    0.2293E-01    0.1926E-01   -0.8223E-03   -0.6144E-03
  12.100    0.3786E-02    0.3650E-02    0.3855E-02   -0.4627E-01    0.2284E-01    0.1919E-01   -0.8172E-03   -0.6120E-03
  12.120    0.3767E-02    0.3634E-02    0.3837E-02   -0.4609E-01    0.2274E-01    0.1911E-01   -0.8121E-03   -0.6096E-03
  12.140    0.3748E-02    0.3618E-02    0.3818E-02   -0.4590E-01    0.2265E-01    0.1903E-01   -0.8071E-03   -0.6072E-03
  12.160    0.3729E-02    0.3603E-02    0.3800E-02   -0.4572E-01    0.2256E-01    0.1896E-01   -0.8021E-03   -0.6049E-03
  12.180    0.3710E-02    0.3587E-02    0.3781E-02   -0.4554E-01    0.2247E-01    0.1888E-01   -0.7972E-03   -0.6025E-03
  12.200    0.3692E-02    0.3571E-02    0.3763E-02   -0.4536E-01    0.2238E-01    0.1881E-01   -0.7923E-03   -0.6002E-03
  12.220    0.3673E-02    0.3555E-02    0.3745E-02   -0.4518E-01    0.2229E-01    0.1873E-01   -0.7875E-03   -0.5979E-03
  12.240    0.3654E-02    0.3540E-02    0.3727E-02   -0.4500E-01    0.2220E-01    0.1866E-01   -0.7827E-03   -0.5956E-03
  12.260    0.3636E-02    0.3524E-02    0.3708E-02   -0.4482E-01    0.2211E-01    0.1859E-01   -0.7779E-03   -0.5934E-03
  12.280    0.3617E-02    0.3508E-02    0.3690E-02   -0.4464E-01    0.2202E-01    0.1851E-01   -0.7732E-03   -0.5912E-03
  12.300    0.3599E-02    0.3493E-02    0.3672E-02   -0.4447E-01    0.2193E-01    0.1844E-01   -0.7686E-03   -0.5889E-03
  12.320    0.3580E-02    0.3477E-02    0.3654E-02   -0.4429E-01    0.2184E-01    0.1837E-01   -0.7639E-03   -0.5867E-03
  12.340    0.3562E-02    0.3461E-02    0.3636E-02   -0.4412E-01    0.2175E-01    0.1829E-01   -0.7594E-03   -0.5846E-03
  12.360    0.3543E-02    0.3446E-02    0.3618E-02   -0.4394E-01    0.2167E-01    0.1822E-01   -0.7548E-03   -0.5824E-03
  12.380    0.3525E-02    0.3430E-02    0.3600E-02   -0.4377E-01    0.2158E-01    0.1815E-01   -0.7503E-03   -0.5803E-03
  12.400    0.3507E-02    0.3415E-02    0.3582E-02   -0.4360E-01    0.2149E-01    0.1808E-01   -0.7459E-03   -0.5782E-03
  12.420    0.3489E-02    0.3399E-02    0.3565E-02   -0.4343E-01    0.2141E-01    0.1801E-01   -0.7415E-03   -0.5761E-03
  12.440    0.3471E-02    0.3384E-02    0.3547E-02   -0.4325E-01    0.2132E-01    0.1794E-01   -0.7371E-03   -0.5740E-03
  12.460    0.3453E-02    0.3368E-02    0.3529E-02   -0.4308E-01    0.2123E-01    0.1787E-01   -0.7328E-03   -0.5719E-03
