          1.03000535          7.45323500          0.22743085         -0.19990474          0.09984962         -7.45055367         -0.20434003
          1.03001480          7.34897724          0.18943577          0.20021195          0.08438155         -7.34624950         -0.16960444
          1.02999882          8.99840412          0.18379700          0.20010811          0.01820247          8.99617883          0.18289343
          1.03000090          8.97346607          0.22260675         -0.20002985          0.01864325          8.97123633          0.22182469
          1.13000369          7.42121458          0.24480613         -0.19989688          0.10406154         -7.41852189         -0.22158799
          1.13001340          7.31502480          0.20877392          0.20028821          0.08872570         -7.31228230         -0.18898227
          1.12999862          8.97370111          0.21064121          0.20023257          0.01497276          8.97146691          0.21010839
          1.13000224          8.94937717          0.24830052         -0.20011343          0.01284281          8.94713956          0.24796816
          1.27426638          7.20963606          0.22775351          0.39375153          0.08049189         -7.19887573         -0.21305566
          1.22999786          7.38335180          0.26636235         -0.20005542          0.10875926         -7.38064100         -0.24314671
          1.22980698          7.27681249          0.23271403          0.19918636          0.09366135         -7.27408584         -0.21303373
          1.22999896          8.94537261          0.24334247          0.20019902          0.01148249          8.94313209          0.24307141
          1.23000237          8.92165120          0.27943785         -0.20010269          0.00597945          8.91940688          0.27937387
          1.34187828          7.20251137          0.24721493          0.36178141          0.08596047         -7.19341951         -0.23178874
          1.32999199          7.34831839          0.28728997         -0.20019392          0.11263388         -7.34559090         -0.26428987
          1.32763691          7.25296674          0.25798680          0.16810128          0.09998314         -7.25101844         -0.23782464
          1.32999923          8.92047176          0.27434552          0.20017309          0.00874148          8.91822556          0.27420622
          1.33000209          8.89735898          0.30881068         -0.20007595         -0.00021796          8.89510913          0.30881060
          1.43468404          7.19393463          0.27274102          0.31993883          0.09265031         -7.18681673         -0.25652209
          1.42998649          7.31615770          0.30725142         -0.20030831          0.11557967         -7.31341507         -0.28468364
          1.42695186          7.23665833          0.28341052          0.12318545          0.10647737         -7.23560980         -0.26264822
          1.42999951          8.89898240          0.30328424          0.20014698          0.00671244          8.89673136          0.30320995
          1.43000169          8.87656500          0.33613401         -0.20005080         -0.00571246          8.87431044          0.33608546
          1.53288234          7.18642509          0.29808746          0.27770329          0.09858742         -7.18105747         -0.28131238
          1.52998182          7.28686450          0.32609418         -0.20039494          0.11755465         -7.28410847         -0.30416825
          1.52551140          7.22252305          0.30688128          0.08079257          0.11173384         -7.22207115         -0.28581754
          1.52999978          8.88079947          0.33013481          0.20011953          0.00529009          8.87854444          0.33009242
          1.53000130          8.85915411          0.36142867         -0.20003176         -0.01055715          8.85689556          0.36127445
          1.63208597          7.18036917          0.32192064          0.23644127          0.10340957         -7.17647525         -0.30485957
          1.62997836          7.26042094          0.34379347         -0.20045145          0.11856548         -7.25765330         -0.32270138
          1.62081889          7.21072048          0.32797079          0.04115221          0.11573714         -7.21060305         -0.30687090
          1.63000002          8.86580373          0.35504843          0.20009191          0.00436064          8.86354551          0.35502165
          1.63000097          8.84496877          0.38485380         -0.20001866         -0.01482041          8.84270689          0.38456833
          1.76143410          7.19806571          0.35696105         -0.02044975          0.11894359         -7.19803667         -0.33656146
          1.73065856          7.17513688          0.34365635          0.20347458          0.10665377         -7.17225120         -0.32668740
          1.72856857          7.23871796          0.36058235         -0.20847593          0.11862682         -7.23571527         -0.34051037
          1.69476743          7.20272354          0.34336763          0.01124892          0.11818224         -7.20271476         -0.32238841
          1.73000022          8.85387378          0.37824078          0.20006600          0.00382197          8.85161310          0.37822147
          1.73000068          8.83385009          0.40661161         -0.20000988         -0.01856963          8.83158555          0.40618736
          1.83797449          7.19481748          0.37208587         -0.06340234          0.11844021         -7.19453811         -0.35273192
          1.82998732          7.16845727          0.36315907          0.19989711          0.10718302         -7.16566959         -0.34698172
          1.82662663          7.22731105          0.37804281         -0.25723544          0.11762689         -7.22273182         -0.35927744
          1.87381533          8.80870627          0.44565702         -0.39611975         -0.03948077          8.79979519          0.44390477
          1.83000036          8.84488538          0.39992492          0.20004339          0.00358065          8.84262292          0.39990889
          1.82988139          8.82571587          0.42685094         -0.19947192         -0.02183075          8.82346143          0.42629232
          1.93448284          7.19184961          0.38995127         -0.12221414          0.11697338         -7.19081112         -0.37199357
          1.92998788          7.16327709          0.38141808          0.19992333          0.10668141         -7.16048667         -0.36619507
          1.92332084          7.21885906          0.39420332         -0.31505564          0.11571937         -7.21198073         -0.37683589
          1.94017614          8.80744606          0.45713852         -0.38319736         -0.04102257          8.79910597          0.45529416
          1.93000046          8.83871101          0.42028792          0.20002483          0.00355130          8.83644738          0.42027291
          1.92917779          8.82160447          0.44502486         -0.18520279         -0.02352515          8.81966016          0.44440262
          2.03244589          7.18983385          0.40664795         -0.18515071          0.11458468         -7.18744948         -0.39017036
          2.02998898          7.15992766          0.39848023          0.19995364          0.10542233         -7.15713509         -0.38428196
          2.00250561          7.21342593          0.40662494         -0.36763932          0.11356291         -7.20405129         -0.39044501
          2.03188265          8.80643409          0.47270926         -0.37274910         -0.04348061          8.79854190          0.47070530
          2.03000052          8.83522386          0.43948423          0.20001008          0.00365661          8.83295967          0.43946902
          2.02970403          8.81996464          0.46245966         -0.17288192         -0.02497239          8.81827013          0.46178492
          2.12999427          7.18443086          0.42107492         -0.20011219          0.11193817         -7.18164340         -0.40592356
          2.12999046          7.15833086          0.41443455          0.19998571          0.10346962         -7.15553676         -0.40131039
          2.12828057          8.80640437          0.48863540         -0.37252695         -0.04675638          8.79852156          0.48639325
          2.13000055          8.83429822          0.45763648          0.19999866          0.00383286          8.83203405          0.45762043
          2.13027209          8.81982488          0.47948453         -0.17264019         -0.02723903          8.81813508          0.47871019
          2.22999571          7.17889448          0.43469857         -0.20008472          0.10878111         -7.17610563         -0.42086758
          2.22999219          7.15841035          0.42937691          0.20001753          0.10088904         -7.15561540         -0.41735588
          2.22113073          8.80736054          0.50357578         -0.38246332         -0.05074765          8.79905231          0.50101222
          2.23000054          8.83580463          0.47484369          0.19999030          0.00403878          8.83354104          0.47482651
          2.23077171          8.82111123          0.49608885         -0.18411090         -0.03053388          8.81918967          0.49514829
          2.32999722          7.17495972          0.44756617         -0.20005604          0.10510078         -7.17217014         -0.43505092
          2.32999403          7.16008784          0.44339976          0.20004740          0.09774642         -7.15729271         -0.43249160
          2.28903200          8.80858980          0.51428461         -0.39500223         -0.05418465          8.79972883          0.51142222
          2.33000050          8.83960398          0.49117810          0.19998531          0.00424984          8.83734147          0.49115971
          2.33020846          8.82438726          0.51179639         -0.19901645         -0.03413996          8.82214276          0.51065645
          2.42999873          7.17261155          0.45974465         -0.20002755          0.10096345         -7.16982185         -0.44852149
          2.42999586          7.16327890          0.45658676          0.20007395          0.09410827         -7.16048427         -0.44678306
          2.43000040          8.84553481          0.50668748          0.19998434          0.00445239          8.84327384          0.50666792
          2.42999831          8.83098917          0.52618573         -0.20002057         -0.03617331          8.82872366          0.52494087
          2.53000017          7.17181769          0.47129075         -0.20000045          0.09643792         -7.16902844         -0.46131844
          2.52999759          7.16789122          0.46901055          0.20009623          0.09004241         -7.16509777         -0.46028606
          2.53000026          8.85340129          0.52139908          0.19998776          0.00463900          8.85114226          0.52137845
          2.52999820          8.83955538          0.53979974         -0.20002737         -0.03795287          8.83729191          0.53846387
          2.63000150          7.17253106          0.48225143         -0.19997569          0.09159280         -7.16974278         -0.47347355
          2.62999915          7.17382650          0.48073312          0.20011372          0.08561721         -7.17103487         -0.47304759
          2.63000009          8.86296984          0.53532141          0.19999519          0.00480032          8.86071308          0.53529988
          2.62999820          8.84971347          0.55264915         -0.20003236         -0.03959311          8.84745249          0.55122905
          2.73000267          7.17469410          0.49266593         -0.19995392          0.08649332         -7.17190727         -0.48501405
          2.73000049          7.18098531          0.49180881          0.20012639          0.08090018         -7.17819612         -0.48510933
          2.72999991          8.87397582          0.54844883          0.20000544          0.00491799          8.87172163          0.54842678
          2.72999828          8.86117007          0.56472732         -0.20003502         -0.04111405          8.85891195          0.56322871
          2.83000367          7.17824370          0.50256863         -0.19993548          0.08119948         -7.17545876         -0.49596559
          2.83000159          7.18927365          0.50228740          0.20013469          0.07595610         -7.18648744         -0.49651113
          2.82999975          8.88613735          0.56077150          0.20001687          0.00496844          8.88388598          0.56074948
          2.82999842          8.87362804          0.57602795         -0.20003522         -0.04254091          8.87137309          0.57445494
          2.93000447          7.18311556          0.51199064         -0.19992041          0.07576468         -7.18033293         -0.50635376
          2.92372141          7.19637003          0.51157528          0.17367364          0.07203653         -7.19427405         -0.50647804
          2.95946514          7.21143647          0.51541616          0.32390652          0.06543824         -7.20415856         -0.51124520
          2.92999963          8.89917368          0.57228400          0.20002802          0.00493076          8.89692537          0.57226276
          2.92999861          8.88680317          0.58655095         -0.20003318         -0.04389717          8.88455161          0.58490602
          3.02922180          7.18910081          0.52088717         -0.20360243          0.07025281         -7.18621712         -0.51612787
          3.00240890          7.19825956          0.51892564          0.05723985          0.07154050         -7.19803197         -0.51397060
          3.06907557          7.20161270          0.52490285         -0.01600414          0.06942906         -7.20159492         -0.52029088
          3.03467234          7.21589489          0.52282593          0.22436988          0.06501832         -7.21240579         -0.51876736
          3.02999954          8.91282309          0.58299029          0.20003785          0.00479161          8.91057800          0.58297060
          3.02999883          8.90043760          0.59630476         -0.20002922         -0.04520054          8.89818958          0.59458917
          3.12619443          7.19426960          0.52903193         -0.25424866          0.06452405         -7.18977556         -0.52508231
          3.13964146          7.20745160          0.53112329         -0.06311072          0.06520660         -7.20717529         -0.52710535
          3.13000913          7.23146947          0.53219035          0.20034837          0.06120006         -7.22869360         -0.52865974
          3.12999950          8.92685562          0.59290411          0.20004598          0.00454328          8.92461388          0.59288671
          3.12999907          8.91430843          0.60530565         -0.20002381         -0.04646469          8.91206403          0.60351965
          3.22452134          7.19983922          0.53678284         -0.31393925          0.05875569         -7.19299151         -0.53355748
          3.23392253          7.21604477          0.53907366         -0.11900166          0.05969361         -7.21506346         -0.53575842
          3.23000930          7.25078836          0.54159255          0.20031627          0.05640879         -7.24802078         -0.53864695
          3.22999950          8.94107749          0.60204728          0.20005240          0.00418264          8.93883917          0.60203275
          3.22999933          8.92822927          0.61357609         -0.20001740         -0.04770042          8.92598852          0.61171912
          3.31754906          7.20567470          0.54368741         -0.36219695          0.05342480         -7.19656593         -0.54105618
          3.33238558          7.22579304          0.54688608         -0.16906126          0.05406817         -7.22381501         -0.54420678
          3.33000899          7.27083776          0.55047344          0.20028045          0.05158618         -7.26807880         -0.54805097
          3.32999952          8.95532847          0.61044656          0.20005729          0.00371031          8.95309361          0.61043528
          3.32999959          8.94204654          0.62114213         -0.20001047         -0.04891651          8.93980940          0.61921299
          3.38579471          7.21026264          0.54854222         -0.39463310          0.04957692         -7.19945498         -0.54629726
          3.43016427          7.23825507          0.55439479         -0.19909246          0.04872690         -7.23551647         -0.55224928
          3.43000836          7.29144022          0.55884752          0.20024326          0.04675232         -7.28869008         -0.55688847
          3.42999958          8.96947573          0.61813028          0.20006087          0.00312633          8.96724431          0.61812238
          3.42999986          8.95563342          0.62803085         -0.20000344         -0.05012242          8.95339984          0.62602755
          3.53001160          7.25541627          0.56199400         -0.19979629          0.04355499         -7.25266480         -0.56030369
          3.53000752          7.31243422          0.56673214          0.20020685          0.04192885         -7.30969298         -0.56517899
          3.52999965          8.98340658          0.62512633          0.20006336          0.00242985          8.98117857          0.62512161
          3.53000014          8.96888235          0.63426883         -0.19999660         -0.05132800          8.96665221          0.63218857
          3.63001045          7.27355616          0.56920105         -0.19981864          0.03842145         -7.27081094         -0.56790283
          3.63000659          7.33368336          0.57414677          0.20017292          0.03713753         -7.33095099         -0.57294443
          3.62999974          8.99702277          0.63146009          0.20006495          0.00162171          8.99479810          0.63145801
          3.63000042          8.98169905          0.63988031         -0.19999019         -0.05254125          8.97947225          0.63771955
          3.73000924          7.29232960          0.57599658         -0.19984145          0.03333556         -7.28959083         -0.57503113
          3.73000566          7.35507837          0.58111518          0.20014267          0.03239912         -7.35235477         -0.58021130
          3.72999984          9.01023471          0.63715577          0.20006578          0.00070240          9.00801328          0.63715538
          3.73000070          8.99399647          0.64488793         -0.19998435         -0.05376979          8.99177283          0.64264240
          3.83000806          7.31159403          0.58239789         -0.19986344          0.02830905         -7.30886187         -0.58170946
          3.83000478          7.37653522          0.58766595          0.20011653          0.02773414         -7.37382026         -0.58701115
          3.82999997          9.02295714          0.64223800          0.20006599         -0.00032907          9.02073884          0.64223792
          3.83000100          9.00568984          0.64931402         -0.19997920         -0.05502152          9.00346921          0.64697862
          3.93000693          7.33123296          0.58842259         -0.19988376          0.02335280         -7.32850757         -0.58795901
          3.93000398          7.39799474          0.59382490          0.20009431          0.02316113         -7.39528826         -0.59337305
          3.93000011          9.03510757          0.64672965          0.20006571         -0.00147027          9.03289226          0.64672798
          3.93000131          9.01669472          0.65317866         -0.19997485         -0.05630099          9.01447690          0.65074770
          4.03000591          7.35115076          0.59408789         -0.19990205          0.01847645         -7.34843225         -0.59380051
          4.03000327          7.41941458          0.59961436          0.20007567          0.01869557         -7.41671642         -0.59932283
          4.03000027          9.04660212          0.65065195          0.20006493         -0.00271671          9.04438964          0.65064628
          4.03000165          9.02692320          0.65649987         -0.19997149         -0.05761071          9.02470797          0.65396719
          4.13000499          7.37126652          0.59941120         -0.19991821          0.01368872         -7.36855501         -0.59925488
          4.13000265          7.44076138          0.60505432          0.20006004          0.01435026         -7.43807138         -0.60488412
          4.13000046          9.05735079          0.65402455          0.20006356         -0.00406361          9.05514096          0.65401193
          4.13000201          9.03627982          0.65929382         -0.19996931         -0.05895255          9.03406693          0.65665283
          4.23000417          7.39151060          0.60440912         -0.19993230          0.00899763         -7.38880613         -0.60434215
          4.23000211          7.46200663          0.61016226          0.20004697          0.01013597         -7.45932465         -0.61007807
          4.23000068          9.06725298          0.65686446          0.20006138         -0.00550587          9.06504562          0.65684138
          4.23000240          9.04465810          0.66157422         -0.19996858         -0.06032769          9.04244727          0.65881790
          4.33000346          7.41182164          0.60909790         -0.19994438          0.00441088         -7.40912425         -0.60908193
          4.33000165          7.48312480          0.61495430          0.20003608          0.00606260         -7.48045068         -0.61492441
          4.33000094          9.07619305          0.65918565          0.20005803         -0.00703856          9.07398794          0.65914807
          4.33000282          9.05193742          0.66335191         -0.19996962         -0.06173692          9.04972835          0.66047279
          4.43000285          7.43214551          0.61349323         -0.19995462         -0.00006403         -7.42945523         -0.61349323
          4.43000126          7.50409334          0.61944575          0.20002714          0.00213963         -7.50142693         -0.61944205
          4.43000124          9.08403745          0.66099811          0.20005307         -0.00865687          9.08183435          0.66094142
          4.43000326          9.05798111          0.66463435         -0.19997275         -0.06318046          9.05577345          0.66162455
          4.53000235          7.45243644          0.61760866         -0.19996308         -0.00442031         -7.44975326         -0.61759284
          4.53000093          7.52489435          0.62365025          0.20001983         -0.00162507         -7.52223551         -0.62364813
          4.53000159          9.09063288          0.66230758          0.20004599         -0.01035585          9.08843154          0.66222662
          4.53000371          9.06263548          0.66542554         -0.19997826         -0.06465779          9.06042882          0.66227677
          4.63000193          7.47265599          0.62145620         -0.19996993         -0.00865201         -7.46997989         -0.62139597
          4.63000067          7.54551418          0.62758032          0.20001397         -0.00522558         -7.54286276         -0.62755857
          4.63000200          9.09580497          0.66311591          0.20003623         -0.01213030          9.09360509          0.66300495
          4.63000417          9.06572957          0.66572629         -0.19998640         -0.06616754          9.06352349          0.66242989
          4.73000161          7.49276964          0.62504900         -0.19997527         -0.01275375         -7.49010059         -0.62491887
          4.72958345          7.56553757          0.63121208          0.19811277         -0.00866299         -7.56294321         -0.63115263
          4.77196169          7.61219506          0.63529859          0.38896558         -0.00795678         -7.60225095         -0.63524876
          4.73000245          9.09935779          0.66342162          0.20002328         -0.01397482          9.09715905          0.66327441
          4.73000462          9.06707557          0.66553493         -0.19999730         -0.06770741          9.06486958          0.66208190
          4.83000136          7.51274666          0.62839969         -0.19997932         -0.01672113         -7.51008460         -0.62817719
          4.82639193          7.57718488          0.63393188          0.15315465         -0.01241595         -7.57563689         -0.63381028
          4.84106527          7.61929927          0.63719916          0.34352661         -0.01028476         -7.61155115         -0.63711615
          4.83000294          9.10107439          0.66322006          0.20000673         -0.01588349          9.09887643          0.66302984
          4.83000504          9.06647047          0.66484760         -0.20001086         -0.06927395          9.06426403          0.66122875
          4.93000117          7.53255794          0.63151989         -0.19998237         -0.02055083         -7.52990280         -0.63118542
          4.92401006          7.58592835          0.63618544          0.09059080         -0.01654458         -7.58538741         -0.63597028
          4.93459936          7.62901419          0.63957385          0.28396724         -0.01358221         -7.62372744         -0.63942962
          4.93000346          9.10071774          0.66250379          0.19998634         -0.01784984          9.09852014          0.66226328
          4.93000538          9.06369838          0.66365886         -0.20002666         -0.07086238          9.06149092          0.65986483
          5.02996732          7.55215669          0.63441812         -0.20013202         -0.02424082         -7.54950448         -0.63395483
          5.01075480          7.59405703          0.63800567          0.03707421         -0.02032093         -7.59396653         -0.63768197
          5.07742146          7.60067575          0.63932582         -0.00262516         -0.02326741         -7.60067529         -0.63890228
          5.03283206          7.63927537          0.64180665          0.22393763         -0.01717729         -7.63599241         -0.64157674
          5.03000398          9.09803210          0.66126294          0.19996221         -0.01986662          9.09583438          0.66096444
          5.03000561          9.05853357          0.66196230         -0.20004383         -0.07246636          9.05632447          0.65798383
          5.12767511          7.56649149          0.63658324         -0.22683345         -0.02811485         -7.56309064         -0.63596209
          5.14432659          7.60913555          0.64067757         -0.03492955         -0.02572019         -7.60905537         -0.64016109
          5.12999269          7.65727635          0.64435720          0.19986000         -0.02010470         -7.65466767         -0.64404348
          5.13000448          9.09274551          0.65948593          0.19993498         -0.02192558          9.09054712          0.65912135
          5.13000567          9.05074482          0.65975152         -0.20006084         -0.07407768          9.04853344          0.65557956
          5.22698358          7.57746470          0.63821622         -0.27342898         -0.03235834         -7.57252982         -0.63739538
          5.23506247          7.62047022          0.64235893         -0.07712570         -0.02908567         -7.62007992         -0.64170010
          5.22999276          7.68072959          0.64714484          0.19986491         -0.02249077         -7.67812874         -0.64675390
          5.23000490          9.08457379          0.65716033          0.19990599         -0.02401721          9.08237406          0.65672131
          5.23000550          9.04010110          0.65702115         -0.20007541         -0.07568588          9.03788680          0.65264725
          5.32556858          7.58839123          0.63964868         -0.31716872         -0.03658738         -7.58176005         -0.63860144
          5.33301697          7.63239919          0.64395217         -0.12038092         -0.03273041         -7.63144978         -0.64311983
          5.32999285          7.70301601          0.64965425          0.19987018         -0.02474606         -7.70042256         -0.64918277
          5.33000518          9.07322647          0.65427417          0.19987753         -0.02613030          9.07102462          0.65375217
          5.33000504          9.02637909          0.65376821         -0.20008441         -0.07727789          9.02416122          0.64918487
          5.42117713          7.59897191          0.64087383         -0.35755781         -0.04070556         -7.59055508         -0.63957980
          5.43212561          7.64410654          0.64534530         -0.16205871         -0.03642894         -7.64238849         -0.64431630
          5.42999295          7.72414248          0.65189706          0.19987550         -0.02686590         -7.72155599         -0.65134323
          5.43000527          9.05841479          0.65081747          0.19985291         -0.02825153          9.05620988          0.65020400
          5.43000421          9.00937199          0.64999362         -0.20008389         -0.07883759          9.00714995          0.64519481
          5.49554874          7.60716235          0.64173040         -0.38782753         -0.04393106         -7.59726982         -0.64022494
          5.53075515          7.65686961          0.64667005         -0.19599581         -0.03996972         -7.65436071         -0.64543363
          5.52999302          7.74410809          0.65388341          0.19988064         -0.02884666         -7.74152814         -0.65324680
          5.53000508          9.03986178          0.64678405          0.19983644         -0.03036501          9.03765270          0.64607087
          5.53000298          8.98889949          0.64570373         -0.20006937         -0.08034559          8.98667270          0.64068549
          5.62999137          7.67629422          0.64847752         -0.20010812         -0.04271828         -7.67368553         -0.64706896
          5.62999307          7.76290257          0.65562165          0.19988554         -0.03068575         -7.76032874         -0.65490315
          5.63000456          9.01731386          0.64217330          0.19983320         -0.03245203          9.01509933          0.64135280
          5.63000135          8.96481851          0.64091172         -0.20003603         -0.08177900          8.96258648          0.63567289
          5.72999135          7.69580797          0.65017001         -0.20010382         -0.04525529         -7.69320602         -0.64859309
          5.72999309          7.78050438          0.65711855          0.19989021         -0.03238139         -7.77793625         -0.65632023
          5.73000368          8.99055312          0.63699214          0.19984856         -0.03449079          8.98833166          0.63605768
          5.72999933          8.93703347          0.63563888         -0.19997942         -0.08311157          8.93479577          0.63018192
          5.82999128          7.71413649          0.65163765         -0.20009990         -0.04766248         -7.71154082         -0.64989223
          5.82999307          7.79688018          0.65837900          0.19989478         -0.03393248         -7.79431733         -0.65750399
          5.83000244          8.95941073          0.63125650          0.19988768         -0.03645646          8.95718067          0.63020290
          5.82999701          8.90550606          0.62991553         -0.19989610         -0.08431395          8.90326231          0.62424733
          5.92999114          7.73124969          0.65288610         -0.20009630         -0.04993518         -7.72865986         -0.65097369
          5.92999301          7.81198426          0.65940632          0.19989950         -0.03533841         -7.80942624         -0.65845873
          5.93000088          8.92377995          0.62499282          0.19995455         -0.03832131          8.92153948          0.62381689
          5.92999455          8.87026418          0.62378166         -0.19978384         -0.08535410          8.86801404          0.61791442
          6.02999092          7.74710673          0.65391960         -0.20009288         -0.05206910         -7.74452229         -0.65184327
          6.02999294          7.82575851          0.66020262          0.19990469         -0.03659891         -7.82320486         -0.65918740
          6.06408128          8.80127238          0.61541769         -0.35434862         -0.10344470          8.79413626          0.60666146
          6.02999910          8.88362868          0.61823940          0.20005185         -0.04005503          8.88137590          0.61694048
          6.02697382          8.83429344          0.61748646         -0.18589473         -0.08464156          8.83233739          0.61165786
          6.12999063          7.76165640          0.65474081         -0.20008932         -0.05406016         -7.75907690         -0.65250519
          6.12999285          7.83813336          0.66076869          0.19991066         -0.03771385         -7.83558360         -0.65969154
          6.17342343          8.79708226          0.60748789          0.02755359         -0.06233596          8.79703911          0.60428119
          6.13833186          8.78271170          0.61017507         -0.23986641         -0.09105604          8.77943557          0.60334270
          6.12910974          8.83999242          0.61113731          0.20379623         -0.04118645          8.83764296          0.60974789
          6.10675676          8.81265765          0.61208563         -0.08768195         -0.07445817          8.81222144          0.60753995
          6.22999027          7.77483725          0.65535112         -0.20008532         -0.05590439         -7.77226223         -0.65296231
          6.22999274          7.84902808          0.66110423          0.19991784         -0.03868313         -7.84648167         -0.65997153
          6.24027423          8.78147658          0.60273683          0.16418434         -0.04715416          8.77994159          0.60088948
          6.22998719          8.74877649          0.60406607         -0.19919092         -0.08670443          8.74650862          0.59781114
          6.20335771          8.81693386          0.60602150          0.29422026         -0.03175859          8.81202344          0.60518877
          6.32998985          7.78657800          0.65575084         -0.20008046         -0.05759778         -7.78400699         -0.65321640
          6.32999263          7.85835125          0.66120791          0.19992668         -0.03950655         -7.85580764         -0.66002662
          6.32999232          8.74181991          0.59621551          0.20067165         -0.04369854          8.73951636          0.59461195
          6.32998766          8.70532687          0.59752430         -0.19902871         -0.08638057          8.70305139          0.59124757
          6.42998937          7.79679795          0.65593936         -0.20007426         -0.05913628         -7.79423046         -0.65326820
          6.42999254          7.86600129          0.66107739          0.19993769         -0.04018367         -7.86345988         -0.65985497
          6.42999205          8.69018428          0.58885944          0.20085196         -0.04418867          8.68786287          0.58719911
          6.42998938          8.66071031          0.59111956         -0.19888580         -0.08571236          8.65842639          0.58487240
          6.52998886          7.80540759          0.65591503         -0.20006617         -0.06051566         -7.80284314         -0.65311743
          6.52999247          7.87186689          0.66070929          0.19995147         -0.04071377         -7.86932702         -0.65945368
          6.52999271          8.63691668          0.58165849          0.20102029         -0.04435073          8.63457704          0.57996518
          6.52999235          8.61551068          0.58494890         -0.19877255         -0.08469140          8.61321739          0.57878544
          6.62998831          7.81230933          0.65567527         -0.20005556         -0.06173151         -7.80974743         -0.65276281
          6.62999244          7.87582778          0.66009931          0.19996870         -0.04109573         -7.87328875         -0.65881882
          6.62999438          8.58274180          0.57473238          0.20116497         -0.04417017          8.58038400          0.57303255
          6.62999642          8.57030563          0.57910073         -0.19869659         -0.08331806          8.56800200          0.57307570
          6.72998776          7.81739802          0.65521668         -0.20004167         -0.06277923         -7.81483814         -0.65220216
          6.72999247          7.87775573          0.65924237          0.19999012         -0.04132808         -7.87521678         -0.65794566
          6.72999704          8.52839055          0.56819111          0.20127582         -0.04364040          8.52601509          0.56651271
          6.73000130          8.52563759          0.57365040         -0.19866236         -0.08160190          8.52332269          0.56781679
          6.82998723          7.82056177          0.65453515         -0.20002369         -0.06365401         -7.81800338         -0.65143259
          6.82999259          7.87751606          0.65813281          0.20001649         -0.04140893         -7.87497636         -0.65682882
          6.83000054          8.47456514          0.56212948          0.20134576         -0.04276353          8.47217293          0.56050052
          6.83000662          8.48198957          0.56865723         -0.19867087         -0.07956153          8.47966255          0.56306395
          6.92998676          7.82168319          0.65362602         -0.20000079         -0.06435091         -7.81912576         -0.65045056
          6.92999283          7.87496938          0.65676468          0.20004858         -0.04133601         -7.87242804         -0.65546257
          6.97159497          8.40071531          0.55347408          0.28171646         -0.03338136          8.39599032          0.55246650
          6.92477394          8.42513526          0.55708912          0.19098957         -0.04261550          8.42297021          0.55545676
          6.93001193          8.43976764          0.56416297         -0.19871977         -0.07722390          8.43742782          0.55885269
          7.02998639          7.82064079          0.65248427         -0.19997210         -0.06486487         -7.81808375         -0.64925208
          7.02999321          7.86997369          0.65513197          0.20008706         -0.04110674         -7.86742976         -0.65384106
          7.03007726          8.37659308          0.55252592          0.20138461         -0.03987746          8.37417195          0.55108500
          7.04781580          8.38955187          0.55855590         -0.14197854         -0.06955740          8.38835041          0.55420796
          6.98132249          8.40059849          0.55712258          0.01504979         -0.05833025          8.40058501          0.55406060
          7.01109161          8.41475397          0.56257543         -0.26104181         -0.08020082          8.41070399          0.55682937
          7.12998616          7.81731040          0.65110474         -0.19993685         -0.06519083         -7.81475317         -0.64783296
          7.12999376          7.86238652          0.65322890          0.20013249         -0.04071826         -7.85983898         -0.65195860
          7.13000947          8.33716614          0.54952521          0.20089495         -0.03793903          8.33474537          0.54821400
          7.13001372          8.36860564          0.55778368         -0.19927983         -0.07175727          8.36623260          0.55314874
          7.22998611          7.81156684          0.64948226         -0.19989438         -0.06532381         -7.80900882         -0.64618883
          7.22999451          7.85206691          0.65105012          0.20018526         -0.04016748         -7.84951467         -0.64980984
          7.23001170          8.29998831          0.54705200          0.20079769         -0.03578213          8.29755905          0.54588051
          7.23001498          8.33907207          0.55570782         -0.19938258         -0.06876184          8.33668817          0.55143720
          7.32998630          7.80328524          0.64761179         -0.19984423         -0.06525906         -7.80072578         -0.64431536
          7.32999549          7.83887732          0.64859084          0.20024546         -0.03945121         -7.83631925         -0.64738989
          7.33001322          8.26512725          0.54507277          0.20069540         -0.03348397          8.26269023          0.54404334
          7.33001535          8.31118911          0.55400575         -0.19947969         -0.06569964          8.30879487          0.55009629
          7.42998676          7.79234192          0.64548857         -0.19978616         -0.06499222         -7.78978036         -0.64220830
          7.42999671          7.82268506          0.64584703          0.20031294         -0.03856628         -7.82011996         -0.64469453
          7.43001398          8.23245216          0.54352890          0.20059395         -0.03108226          8.23000794          0.54263944
          7.43001494          8.28476740          0.55262503         -0.19956822         -0.06260853          8.28236339          0.54906702
          7.52998753          7.77861530          0.64310812         -0.19972030         -0.06451943         -7.77605091         -0.63986349
          7.52999818          7.80336372          0.64281553          0.20038713         -0.03750964         -7.80079037         -0.64172021
          7.53001400          8.20176394          0.54235528          0.20049790         -0.02861388          8.19931292          0.54159994
          7.53001390          8.25957591          0.55150964         -0.19964690         -0.05952354          8.25716267          0.54828809
          7.62998864          7.76198657          0.64046626         -0.19964719         -0.06383755         -7.75941856         -0.63727686
          7.62999990          7.78079495          0.63949400          0.20046708         -0.03627854         -7.77821207         -0.63846413
          7.63001337          8.17281065          0.54148353          0.20041033         -0.02611380          8.17035309          0.54085348
          7.63001237          8.23535422          0.55060236         -0.19971588         -0.05647621          8.23293221          0.54769827
          7.72999010          7.74233994          0.63755917         -0.19956769         -0.06294432         -7.73976747         -0.63444441
          7.73000185          7.75486899          0.63588117          0.20055136         -0.03487070         -7.75227529         -0.63492432
          7.73001222          8.14530347          0.54084486          0.20033257         -0.02361431          8.14283952          0.54032909
          7.73001050          8.21182335          0.54984645         -0.19977633         -0.05349439          8.20939292          0.54723804
          7.82999190          7.71956234          0.63438341         -0.19948331         -0.06183858         -7.71698446         -0.63136226
          7.83000402          7.72548539          0.63197686          0.20063819         -0.03328455         -7.72287957         -0.63109975
          7.83001067          8.11893052          0.54037225          0.20026440         -0.02114441          8.11646025          0.53995841
          7.83000839          8.18869329          0.54918706         -0.19982984         -0.05060206          8.18625469          0.54685086
          7.92999402          7.69354329          0.63093575         -0.19939577         -0.06052040         -7.69095895         -0.62802644
          7.93000635          7.69255353          0.62778190          0.20072524         -0.03151940         -7.68993428         -0.62699014
          7.93000886          8.09336719          0.54000212          0.20020473         -0.01872942          8.09089059          0.53967722
          7.93000616          8.16566809          0.54857200         -0.19987830         -0.04781954          8.16322142          0.54648379
          8.02999640          7.66417373          0.62721323         -0.19930755         -0.05899127         -7.66158179         -0.62443292
          8.03000878          7.65599180          0.62329808          0.20081028         -0.02957560         -7.65335781         -0.62259600
          8.03000687          8.06828337          0.53967510          0.20015171         -0.01639102          8.06580038          0.53942613
          8.03000389          8.14244870          0.54795198         -0.19992348         -0.04516366          8.13999394          0.54608756
          8.16086315          7.59751090          0.61558248          0.30686108         -0.01856424         -7.59131136         -0.61530249
          8.16853215          8.00662936          0.53614679          0.38449405         -0.00011440          7.99739195          0.53614678
          8.12999899          7.63134503          0.62321296         -0.19922110         -0.05725418         -7.62874420         -0.62057744
          8.12226260          7.62121139          0.61933509          0.17376718         -0.02972183         -7.61923014         -0.61862150
          8.12921384          8.04420496          0.53941081          0.19631727         -0.01443881          8.04180906          0.53921753
          8.13000163          8.11873397          0.54728061         -0.19996733         -0.04264817          8.11627096          0.54561635
          8.24555715          7.58953327          0.61821488         -0.19495233         -0.05464148         -7.58702899         -0.61579538
          8.23172933          7.57150846          0.61328963          0.20757886         -0.02451101         -7.56866246         -0.61279962
          8.23985847          7.99631437          0.53673866          0.33644575         -0.00217083          7.98923324          0.53673427
          8.19570344          7.60859116          0.62057084         -0.20849524         -0.05669038         -7.60573396         -0.61797603
          8.18895820          7.60376819          0.61814716          0.04019441         -0.03857817         -7.60366195         -0.61694217
          8.22608015          8.02842740          0.53991580          0.14572565         -0.01597156          8.02710475          0.53967951
          8.22999945          8.09422028          0.54651423         -0.20001142         -0.04028403          8.09174872          0.54502752
          8.33000429          7.55644459          0.61436427         -0.19910110         -0.05300897         -7.55382112         -0.61207313
          8.33001555          7.52608436          0.60812745          0.20099708         -0.02247911         -7.52339989         -0.60771184
          8.33461918          7.98276929          0.53737848          0.27150461         -0.00498026          7.97815083          0.53735540
          8.32225421          8.01531171          0.54051988          0.08008155         -0.01861224          8.01491165          0.54019934
          8.32999738          8.06860107          0.54561168         -0.20005752         -0.03807983          8.06612052          0.54428121
          8.43000672          7.51384877          0.60949722         -0.19904783         -0.05055784         -7.51121184         -0.60739671
          8.43001728          7.47577807          0.60251473          0.20103214         -0.01974194         -7.47307459         -0.60219121
          8.43185237          7.96770188          0.53771382          0.21011334         -0.00752973          7.96493098          0.53766110
          8.46508347          7.99622542          0.54107114         -0.02184502         -0.02293076          7.99619558          0.54058502
          8.39841680          8.00499903          0.54087841          0.02666038         -0.02082192          8.00495463          0.54047748
          8.42866436          8.04340770          0.54467657         -0.20689109         -0.03654134          8.04074645          0.54344944
          8.53000884          7.46726595          0.60432468         -0.19901043         -0.04794550         -7.46461356         -0.60241974
          8.53001857          7.42157738          0.59663082          0.20104998         -0.01686743         -7.41885367         -0.59639234
          8.52999801          7.94376510          0.53701724          0.19994961         -0.00661444          7.94124827          0.53697650
          8.53914229          7.98670146          0.54112594         -0.07994872         -0.02568013          7.98630130          0.54051624
          8.52476829          8.02894567          0.54452505         -0.26853271         -0.03903315          8.02445379          0.54312425
          8.63001052          7.41654612          0.59884106         -0.19899106         -0.04518642         -7.41387611         -0.59713382
          8.63001935          7.36341662          0.59047920          0.20104938         -0.01386875         -7.36067140         -0.59031631
          8.62999649          7.91602172          0.53587778          0.19990311         -0.00510871          7.91349724          0.53585342
          8.63475386          7.97436393          0.54101061         -0.16213691         -0.02986176          7.97271546          0.54018585
          8.61220336          8.01793746          0.54440927         -0.34168414         -0.04262862          8.01065373          0.54273774
          8.73001171          7.36153309          0.59304076         -0.19899133         -0.04229616         -7.35884311         -0.59153053
          8.73001956          7.30122607          0.58406326          0.20102941         -0.01076039         -7.29845801         -0.58396413
          8.72999511          7.88603858          0.53442467          0.19985074         -0.00374446          7.88350583          0.53441155
          8.72999181          7.95142139          0.53982804         -0.20026793         -0.03116607          7.94889897          0.53892762
          8.85893442          7.19272377          0.57218518          0.33213394          0.00390603         -7.18505131         -0.57217185
          8.83001234          7.30206617          0.58691847         -0.19901249         -0.03929126         -7.29935370         -0.58560182
          8.82446674          7.24412749          0.57847364          0.17520766         -0.00982102         -7.24200838         -0.57839027
          8.82999390          7.85348406          0.53262871          0.19979167         -0.00252251          7.85094231          0.53262274
          8.82999071          7.91643070          0.53757713         -0.20034961         -0.02993636          7.91389506          0.53674294
          8.96722013          7.19127603          0.57482727         -0.06040403         -0.02404072         -7.19102234         -0.57432433
          8.93527047          7.15761821          0.56952132          0.22441055         -0.00222493         -7.15409941         -0.56951698
          8.92646545          7.24299697          0.58105325         -0.21259023         -0.03737658         -7.23987641         -0.57984987
          8.90055346          7.21438041          0.57624631          0.06546727         -0.01617281         -7.21408336         -0.57601932
          8.92999290          7.81802430          0.53046245          0.19972542         -0.00144272          7.81547271          0.53046049
          8.92998995          7.87800457          0.53493152         -0.20044113         -0.02887376          7.87545423          0.53415170
          9.03509851          7.16308041          0.57288621         -0.18069535         -0.03138569         -7.16080095         -0.57202583
          9.03001347          7.09219946          0.56330366          0.20069120         -0.00097668         -7.08935937         -0.56330281
          8.99574908          7.21796042          0.57929486         -0.32707070         -0.04427171         -7.21054626         -0.57760068
          9.02999214          7.77932402          0.52790015          0.19965178         -0.00050419          7.77676162          0.52789991
          9.02998956          7.83580980          0.53186511         -0.20054161         -0.02797589          7.83324315          0.53112884
          9.13000861          7.09644690          0.56647837         -0.19936191         -0.02980071         -7.09364599         -0.56569397
          9.13001097          7.01480741          0.55590539          0.20056954          0.00233700         -7.01193945         -0.55590048
          9.12999164          7.73704840          0.52491793          0.19957112          0.00029458          7.73447408          0.52491785
          9.12998957          7.78951539          0.52835376         -0.20064965         -0.02723970          7.78693070          0.52765111
          9.23000679          7.01826597          0.55897019         -0.19949128         -0.02658134         -7.01543017         -0.55833780
          9.23000820          6.93323330          0.54829042          0.20043440          0.00563136         -6.93033549         -0.54826150
          9.22999142          7.69086551          0.52149390          0.19948407          0.00095555          7.68827799          0.52149302
          9.22999000          7.73879526          0.52437556         -0.20076306         -0.02666152          7.73619068          0.52369733
          9.36093739          6.79166969          0.53451460          0.33483050          0.02066767         -6.78341107         -0.53411488
          9.33000475          6.93500025          0.55115257         -0.19963566         -0.02337996         -6.93212623         -0.55065645
          9.32499287          6.85728072          0.54150736          0.17812801          0.00693420         -6.85496676         -0.54146296
          9.37297336          7.60516836          0.51519922          0.36662220          0.01301079          7.59632635          0.51503491
          9.32886305          7.64144912          0.51767728          0.19488895          0.00117114          7.63896347          0.51767596
          9.32999084          7.68333218          0.51991118         -0.20087928         -0.02623713          7.68070575          0.51924873
          9.46618983          6.78771278          0.53688054         -0.06943620         -0.00853803         -6.78735762         -0.53681265
          9.43539551          6.74952852          0.53160352          0.22292388          0.01395357         -6.74584614         -0.53142037
          9.42564869          6.85422214          0.54382885         -0.21579379         -0.02165424         -6.85082435         -0.54339756
          9.39952317          6.81796057          0.53869140          0.06816383          0.00048412         -6.81761982         -0.53869118
          9.43853018          7.57800302          0.51260704          0.22683588          0.00374275          7.57460727          0.51259338
          9.46590518          7.59217556          0.51269771         -0.12013084         -0.02013350          7.59122509          0.51230224
          9.39923851          7.61194999          0.51510732          0.09995553         -0.00496697          7.61129368          0.51508337
          9.42156843          7.62991085          0.51545774         -0.21984625         -0.02732066          7.62674290          0.51473319
          9.53375365          6.74810258          0.53411252         -0.18686632         -0.01605944         -6.74551476         -0.53387103
          9.52999472          6.66842976          0.52474004          0.19968627          0.01483912         -6.66543928         -0.52453018
          9.49256107          6.82004564          0.54144698         -0.33610287         -0.02932294         -6.81175876         -0.54065238
          9.52999190          7.52486064          0.50800008          0.19911567          0.00204667          7.52222578          0.50799596
          9.53015502          7.55608632          0.50920901         -0.20078514         -0.02584065          7.55341815          0.50855293
          9.48143096          7.61082458          0.51317194         -0.38679751         -0.03911029          7.60098931          0.51167942
          9.62999524          6.65789504          0.52629698         -0.20042867         -0.01445918         -6.65487751         -0.52609832
          9.62999226          6.57422319          0.51679580          0.19951180          0.01758102         -6.57119514         -0.51649667
          9.62999306          7.45910041          0.50234482          0.19901485          0.00212661          7.45644500          0.50234032
          9.62999526          7.48335017          0.50284398         -0.20130376         -0.02591283          7.48064213          0.50217586
          9.77273226          6.40388020          0.50202502          0.36838143          0.03454575         -6.39327590         -0.50083501
          9.72999373          6.55725236          0.51770802         -0.20061504         -0.01181722         -6.55418279         -0.51757313
          9.72890009          6.47895039          0.50901045          0.19486633          0.01978062         -6.47601925         -0.50862595
          9.72999445          7.38799389          0.49620577          0.19891938          0.00208953          7.38531548          0.49620137
          9.72999753          7.40477165          0.49597041         -0.20139329         -0.02607225          7.40203242          0.49528465
          9.86932862          6.38971088          0.50330585         -0.07587003          0.00162808         -6.38926043         -0.50330322
          9.83961354          6.36314097          0.49968817          0.23348946          0.02532767         -6.35885569         -0.49904586
          9.82609458          6.45910409          0.50961159         -0.21330012         -0.01044126         -6.45558121         -0.50950461
          9.80266196          6.42418123          0.50512801          0.10171477          0.01423883         -6.42337595         -0.50492728
          9.82999602          7.31147452          0.48960045          0.19883121          0.00193727          7.30877047          0.48959661
          9.82999986          7.32037929          0.48861285         -0.20146889         -0.02634385          7.31760639          0.48790216
          9.93232388          6.34369255          0.50029047         -0.19354792         -0.00662631         -6.34073926         -0.50024658
          9.92998485          6.28249200          0.49383992          0.19876732          0.02425301         -6.27934688         -0.49324402
          9.88793086          6.41790035          0.50685457         -0.34253669         -0.01939828         -6.40875288         -0.50648323
          9.97085371          7.19537122          0.47968430          0.21458092          0.00263470          7.19217088          0.47967706
          9.96988648          7.19352150          0.47752784         -0.22151595         -0.02834335          7.19011003          0.47668594
          9.92105997          7.23726390          0.48320082          0.19522728          0.00145543          7.23463026          0.48319862
          9.92025653          7.23966112          0.48163758         -0.19653683         -0.02631849          7.23699291          0.48091797
         10.02999060          6.24166152          0.49251480         -0.20141084         -0.00561496         -6.23841104         -0.49248279
         10.02998517          6.18462796          0.48674791          0.19863294          0.02582823         -6.18143737         -0.48606217
         10.02999958          7.14294663          0.47510503          0.19861471          0.00126321          7.14018479          0.47510335
         10.03000461          7.13481813          0.47254620         -0.20160407         -0.02719164          7.13196926          0.47176321
         10.12999185          6.13359169          0.48449126         -0.20155401         -0.00418990         -6.13027919         -0.48447314
         10.12998607          6.08537950          0.47979597          0.19850982          0.02715852         -6.08214086         -0.47902671
         10.13000162          7.05222113          0.46740360          0.19857667          0.00074051          7.04942481          0.46740301
         10.13000687          7.03500726          0.46403267         -0.20161847         -0.02774318          7.03211754          0.46320258
         10.26338340          5.98559452          0.47389667         -0.17838943         -0.00091555         -5.98293565         -0.47389578
         10.24379062          5.97123097          0.47214138          0.22346528          0.03013855         -5.96704806         -0.47117847
         10.21434341          6.04203018          0.47791154         -0.21270757         -0.00406118         -6.03828487         -0.47789428
         10.19906322          6.02161501          0.47559708          0.14275836          0.02364997         -6.01992254         -0.47500870
         10.23000362          6.95776615          0.45954597          0.19855189          0.00011153          6.95493256          0.45954596
         10.23000900          6.93134891          0.45537090         -0.20162175         -0.02838264          6.92841586          0.45448551
         10.32999599          5.91786192          0.46943288         -0.20191690         -0.00251985         -5.91441623         -0.46942612
         10.32998961          5.89292258          0.46732798          0.19825142          0.02852382         -5.88958682         -0.46645668
         10.37792043          6.79800098          0.44573393          0.02985325         -0.01283309          6.79793543          0.44554916
         10.36271378          6.78618585          0.44334409         -0.25269365         -0.03303867          6.78147951          0.44211133
         10.32962602          6.86053390          0.45164793          0.19979726         -0.00053090          6.85762397          0.45164761
         10.31677673          6.84133683          0.44811588         -0.18029350         -0.02746282          6.83896073          0.44727356
         10.42999933          5.81185880          0.46252474         -0.20198688         -0.00236203         -5.80834779         -0.46251871
         10.42999259          5.79814894          0.46158813          0.19819528          0.02864653         -5.79476055         -0.46069835
         10.43413925          6.75836514          0.44362537          0.18933686         -0.00215278          6.75571246          0.44362014
         10.43001210          6.72088898          0.43861405         -0.20148925         -0.02988787          6.71786803          0.43759456
         10.38764080          6.81374458          0.44843231          0.29651991          0.00578599          6.80728956          0.44839498
         10.53000288          5.70413678          0.45567925         -0.20204248         -0.00246918         -5.70055745         -0.45567256
         10.52999580          5.70199128          0.45590590          0.19815022          0.02851979         -5.69854727         -0.45501298
         10.53000843          6.66872670          0.43708844          0.19868566         -0.00242469          6.66576626          0.43708171
         10.53001366          6.61826830          0.43101197         -0.20144160         -0.03075175          6.61520193          0.42991354
         10.65115647          5.57300550          0.44756605         -0.21325010         -0.00395283         -5.56892401         -0.44754860
         10.65558417          5.58057935          0.44892782          0.20003708          0.02806767         -5.57699301         -0.44804955
         10.60179059          5.62651463          0.45086677         -0.18690274         -0.00151386         -5.62340948         -0.45086423
         10.60559713          5.62847455          0.45163886          0.19627875          0.02812233         -5.62505115         -0.45076246
         10.63000965          6.57453214          0.43045667          0.19874817         -0.00347070          6.57152738          0.43044267
         10.63001501          6.51589282          0.42375331         -0.20138476         -0.03169410          6.51278001          0.42256639
         10.73001040          5.48818364          0.44249920         -0.20212249         -0.00393364         -5.48446043         -0.44248172
         10.73000263          5.50943288          0.44493284          0.19811429          0.02715814         -5.50586973         -0.44410322
         10.75449242          6.38228168          0.41446231         -0.27066430         -0.03784617          6.37653983          0.41273076
         10.73001058          6.48071736          0.42416726          0.19882319         -0.00459507          6.47766678          0.42414237
         10.71550340          6.43684256          0.41868078         -0.15900619         -0.02956513          6.43487833          0.41763561
         10.83001385          5.37812925          0.43592245         -0.20211935         -0.00521907         -5.37432991         -0.43589120
         10.83000592          5.41148713          0.43942312          0.19810671          0.02595299         -5.40785972         -0.43865604
         10.84470150          6.37316968          0.41730032          0.16628622         -0.00824036          6.37099997          0.41721895
         10.82998065          6.32564228          0.41173261         -0.20107661         -0.03378002          6.32244561          0.41034455
         10.80242446          6.42529413          0.42111792          0.26176858         -0.00105671          6.41995965          0.42111659
         10.78082988          6.40078778          0.41744893         -0.00399763         -0.01935199          6.40078653          0.41700013
         10.97189185          5.20101872          0.42467614         -0.34086159         -0.01841726         -5.18983710         -0.42427660
         10.92757617          5.26844368          0.42941123         -0.19377028         -0.00602558         -5.26487909         -0.42936895
         10.93000892          5.30965629          0.43364953          0.19810736          0.02454213         -5.30595924         -0.43295450
         10.93000870          6.31028777          0.41428391          0.19923994         -0.00700534          6.30714160          0.41422467
         10.93001414          6.24056020          0.40720196         -0.20093145         -0.03491282          6.23732460          0.40570252
         11.03381154          5.13980173          0.42149661         -0.21390211         -0.00964617         -5.13534884         -0.42138621
         11.05437532          5.17358909          0.42562466          0.17152263          0.02036729         -5.17074502         -0.42513706
         10.99061676          5.21240620          0.42667545         -0.07419492          0.00238370         -5.21187812         -0.42666879
         11.00696326          5.23298753          0.42940667          0.22406365          0.02534052         -5.22818841         -0.42865831
         11.03000819          6.23225687          0.41046496          0.19934799         -0.00826852          6.22906783          0.41038167
         11.03001377          6.15755800          0.40312127         -0.20082828         -0.03609658          6.15428213          0.40150193
         11.13002134          5.02029653          0.41410884         -0.20204866         -0.01090786         -5.01622902         -0.41396515
         11.13001383          5.09039247          0.42070162          0.19811379          0.02081008         -5.08653579         -0.42018662
         11.17446124          6.00818382          0.39481124         -0.38143736         -0.05026935          5.99606358          0.39159789
         11.13000738          6.15564801          0.40700026          0.19945558         -0.00954961          6.15241578          0.40688821
         11.12944776          6.07758205          0.39953150         -0.19851141         -0.03715863          6.07433920          0.39779977
         11.27178428          4.80052296          0.39927810         -0.35590543         -0.02685939         -4.78731156         -0.39837366
         11.22819502          4.89247021          0.40608226         -0.19500823         -0.01275684         -4.88858227         -0.40588183
         11.23001539          4.97026165          0.41325450          0.19815138          0.01851938         -4.96631019         -0.41283933
         11.24241853          5.97861310          0.39492875         -0.27061427         -0.04350905          5.97248546          0.39252475
         11.23000633          6.08029156          0.40385276          0.19956113         -0.01083733          6.07701579          0.40370733
         11.21507143          6.02806990          0.39835650         -0.11509983         -0.03249745          6.02697094          0.39702874
         11.33676839          4.72990268          0.39527525         -0.22374461         -0.01810912         -4.72460768         -0.39486021
         11.36358753          4.77658903          0.40035851          0.11028353          0.00814902         -4.77531573         -0.40027557
         11.29692086          4.82372990          0.40232541         -0.08923877         -0.00601292         -4.82290438         -0.40228047
         11.32139651          4.86009803          0.40643187          0.22179503          0.01816488         -4.85503448         -0.40602574
         11.34865664          5.98081795          0.39939393          0.12947593         -0.01724502          5.97941631          0.39902145
         11.33005466          5.93111665          0.39419199         -0.20066187         -0.03980285          5.92772128          0.39217733
         11.31432089          6.03065207          0.40260018          0.25919570         -0.00775336          6.02507942          0.40252551
         11.28198998          6.00148362          0.39855591         -0.00631273         -0.02588584          6.00148030          0.39771439
         11.43002171          4.58589548          0.38560274         -0.20175950         -0.01927074         -4.58145506         -0.38512091
         11.43039677          4.69701788          0.39538216          0.19682090          0.01308464         -4.69289234         -0.39516559
         11.38349435          4.81933593          0.40474075          0.37695020          0.02894660         -4.80457151         -0.40370431
         11.43001521          5.94070875          0.39897531          0.19976909         -0.01330264          5.93734896          0.39875348
         11.43000687          5.86430817          0.39224554         -0.20033124         -0.04100646          5.86088540          0.39009619
         11.38094301          6.01373813          0.40362105          0.39614260          0.00099094          6.00067641          0.40361984
         11.55275304          4.35367694          0.36914918         -0.26467640         -0.02857920         -4.34562415         -0.36804123
         11.57958152          4.39918001          0.37376823          0.00256670         -0.00743104         -4.39917926         -0.37369435
         11.51382791          4.46036258          0.37722906         -0.15457501         -0.01813349         -4.45768335         -0.37679297
         11.52993569          4.53951195          0.38447704          0.19845044          0.01012883         -4.53517212         -0.38434360
         11.53000126          5.87510053          0.39700580          0.19991809         -0.01444130          5.87169813          0.39674306
         11.53000530          5.79729604          0.39035396         -0.20025118         -0.04221277          5.79383646          0.38806481
         11.63001627          4.21810029          0.35963753         -0.20129812         -0.02626576         -4.21329434         -0.35867710
         11.64315690          4.32920627          0.36932052          0.16769583          0.00381948         -4.32595712         -0.36930077
         11.60146150          4.44446595          0.37813998          0.26923337          0.01362086         -4.43630375         -0.37789459
         11.63000010          5.80833036          0.39498268          0.19999326         -0.01554152          5.80488624          0.39467681
         11.63000368          5.72966838          0.38845870         -0.20017399         -0.04339636          5.72617063          0.38602709
         11.75022528          3.93394240          0.33865536         -0.25392860         -0.03539651         -3.92573854         -0.33680045
         11.77690765          3.99227090          0.34391176          0.01914616         -0.01358689         -3.99222499         -0.34364327
         11.71066802          4.06897746          0.34900305         -0.14843846         -0.02496232         -4.06626901         -0.34810920
         11.72967811          4.16223520          0.35705804          0.20016792          0.00326403         -4.15741923         -0.35704312
         11.76865428          5.60443872          0.38332898         -0.36629864         -0.05642460          5.59245551          0.37915349
         11.72999901          5.73992312          0.39284677          0.20006785         -0.01659232          5.73643533          0.39249621
         11.72825720          5.66374201          0.38665742         -0.19254343         -0.04400983          5.66046823          0.38414462
         11.86967429          3.58643340          0.31257976         -0.34525508         -0.04818429         -3.56977639         -0.30884362
         11.82735292          3.76487768          0.32618580         -0.19038298         -0.03334283         -3.76006094         -0.32447717
         11.83984089          3.89811915          0.33706835          0.17340290         -0.00329942         -3.89426043         -0.33705220
         11.79847429          4.05066896          0.34897154          0.28581282          0.00779199         -4.04057298         -0.34888454
         11.87906642          5.59934515          0.38666678          0.00423793         -0.03207558          5.59934354          0.38533409
         11.84003126          5.57412163          0.38334459         -0.25719488         -0.04969105          5.56818487          0.38011034
         11.82998427          5.66940154          0.39053993          0.20023199         -0.01758209          5.66586453          0.39014396
         11.81239975          5.62399643          0.38640847         -0.09963197         -0.03854985          5.62311385          0.38448071
         11.93535364          3.45141887          0.30258475         -0.21780497         -0.04033608         -3.44453962         -0.29988420
         11.96143324          3.54554168          0.30995591          0.12211831         -0.01278473         -3.54343801         -0.30969213
         11.89476658          3.64044369          0.31705772         -0.07858841         -0.02681091         -3.63959532         -0.31592210
         11.91926096          3.71378573          0.32297063          0.22690144         -0.00214671         -3.70684774         -0.32296349
         11.94496092          5.57664734          0.38686311          0.15344624         -0.02198151          5.57453584          0.38623811
         11.92999913          5.52124598          0.38203113         -0.19995465         -0.04665105          5.51762407          0.37917207
         11.90740439          5.62712026          0.38968092          0.27090460         -0.01326011          5.62059544          0.38945524
         12.04599310          3.09806830          0.27613957         -0.23738770         -0.04678122         -3.08896006         -0.27214809
         12.07128381          3.17106646          0.28121460          0.06157918         -0.02274503         -3.17046850         -0.28029326
         12.00467787          3.27985015          0.28967644         -0.13891863         -0.03673715         -3.27690687         -0.28733747
         12.02753975          3.38382842          0.29738401          0.20887705         -0.00836831         -3.37737549         -0.29726624
         11.98170621          3.62562707          0.31620597          0.38878498          0.00885757         -3.60472161         -0.31608188
         12.02999596          5.52092361          0.38488569          0.20033889         -0.01927406          5.51728754          0.38440279
         12.02999772          5.44710533          0.37924386         -0.19987342         -0.04759729          5.44343707          0.37624514
         12.15521550          2.72905630          0.24909297         -0.25170594         -0.05237633         -2.71742385         -0.24352418
         12.17704929          2.78975663          0.25248534          0.02284592         -0.03046194         -2.78966308         -0.25064101
         12.11243651          2.91457493          0.26237893         -0.16239602         -0.04327776         -2.91004717         -0.25878512
         12.13332274          3.02495786          0.26969935          0.19087991         -0.01445558         -3.01892943         -0.26931167
         12.09016686          3.24962414          0.28674909          0.32824584         -0.00100171         -3.23300351         -0.28674734
         12.12999540          5.44021367          0.38127530          0.20043084         -0.01996770          5.43652023          0.38075208
         12.12999644          5.36813158          0.37598440         -0.19978655         -0.04848936          5.36441255          0.37284454
         12.26233368          2.35992594          0.22313964         -0.27958296         -0.05833760         -2.34330617         -0.21537879
         12.21987551          2.54480557          0.23552760         -0.17362619         -0.04825877         -2.53887560         -0.23053057
         12.23776508          2.65322656          0.24153014          0.18213849         -0.01936041         -2.64696746         -0.24075295
         12.19429522          2.86578059          0.25707560          0.28951258         -0.00868520         -2.85111923         -0.25692884
         12.27767534          5.21243553          0.36822139         -0.39011367         -0.06321719          5.19781642          0.36275416
         12.22999505          5.35342325          0.37707927          0.20052688         -0.02059153          5.34966629          0.37651662
         12.22989622          5.28384521          0.37220176         -0.19919708         -0.04928838          5.28008909          0.36892385
         12.37066844          1.99912727          0.19935773         -0.32877526         -0.06518990         -1.97190686         -0.18839794
         12.32697333          2.18281785          0.21039935         -0.18868728         -0.05276795         -2.17464730         -0.20367482
         12.34317858          2.28053977          0.21412788          0.18031973         -0.02305919         -2.27339975         -0.21288265
         12.28189072          2.40660908          0.22465378         -0.01291629         -0.03724175         -2.40657442         -0.22154542
         12.29741602          2.47687599          0.22787617          0.25405469         -0.01551048         -2.46381227         -0.22734769
         12.37420565          5.19409486          0.36847102          0.04743725         -0.03268434          5.19387823          0.36701857
         12.34395616          5.16982765          0.36627145         -0.24681163         -0.05354136          5.16393280          0.36233699
         12.32862747          5.26196662          0.37235575          0.20554291         -0.02077455          5.25795062          0.37177577
         12.30753899          5.22754800          0.36977519         -0.12344700         -0.04452585          5.22609022          0.36708465
         12.43258598          1.84256527          0.18804358         -0.20675220         -0.05666870         -1.83092881         -0.17930155
         12.45086564          1.91401982          0.18824321          0.17879786         -0.02597711         -1.90565033         -0.18644221
         12.38812228          2.02820554          0.19873295         -0.06210860         -0.04421013         -2.02725436         -0.19375306
         12.40340812          2.09532141          0.20034051          0.23110462         -0.02056793         -2.08253751         -0.19928191
         12.43436689          5.14790893          0.36567083          0.18876437         -0.02247561          5.14444695          0.36497946
         12.42999251          5.08770256          0.36155973         -0.19937952         -0.05071429          5.08379436          0.35798533
         12.39010002          5.21998628          0.37026950          0.31410392         -0.01305946          5.21052737          0.37003912
         12.54283848          1.50867174          0.16718562         -0.21917136         -0.05946807         -1.49266685         -0.15625165
         12.56182285          1.55378333          0.16393982          0.17170551         -0.02857842         -1.54426677         -0.16142967
         12.49701585          1.66009378          0.17561069         -0.14531005         -0.05299399         -1.65372197         -0.16742387
         12.51357901          1.72498588          0.17475074          0.21747770         -0.02405822         -1.71122171         -0.17308675
         12.52999456          5.03510301          0.35835080          0.20099368         -0.02185638          5.03108973          0.35768365
         12.52999226          4.97295417          0.35447207         -0.19925886         -0.05128046          4.96896057          0.35074316
         12.66067471          1.16855982          0.14689048         -0.23271180         -0.06176394         -1.14515382         -0.13327425
         12.67418962          1.18733204          0.14143301          0.10516291         -0.03522536         -1.18266569         -0.13697616
         12.61309979          1.31090545          0.15452820         -0.17944746         -0.05715650         -1.29856525         -0.14356914
         12.62673661          1.36536521          0.15078612          0.20894866         -0.02635033         -1.34928226         -0.14846587
         12.66505335          4.78618693          0.34233531         -0.29009102         -0.05860944          4.77738763          0.33728089
         12.62999537          4.90332362          0.34945849          0.20109405         -0.02207507          4.89919827          0.34876056
         12.62210491          4.86043825          0.34720073         -0.17837855         -0.05022763          4.85716389          0.34354844
         12.77575219          0.85766814          0.13046870         -0.33973540         -0.07073422         -0.78751158         -0.10963006
         12.72869319          0.97620300          0.13478146         -0.19433110         -0.05915573         -0.95666489         -0.12110591
         12.73031557          1.04486148          0.12987351          0.20095670         -0.02784109         -1.02535453         -0.12685426
         12.68156463          1.26112236          0.14004038          0.37182958         -0.01382244         -1.20506115         -0.13935655
         12.73992711          4.73307395          0.33717203          0.19248643         -0.02285539          4.72915828          0.33639651
         12.73046535          4.69376065          0.33539790         -0.20023897         -0.05226121          4.68948754          0.33130125
         12.69116895          4.82242623          0.34375608          0.23731516         -0.01942884          4.81658347          0.34320659
         12.68307456          4.80439138          0.34326210         -0.02342435         -0.03913300          4.80433428          0.34102416
         12.83203360          0.67624670          0.11722546         -0.20406216         -0.06022722         -0.64472338         -0.10057083
         12.84110718          0.70173787          0.10731367          0.19606151         -0.02859573         -0.67379219         -0.10343359
         12.78515904          0.81893616          0.12289008         -0.07306874         -0.04997381         -0.81566990         -0.11227017
         12.79155951          0.86577385          0.11742517          0.22226193         -0.02643144         -0.83675803         -0.11441176
         12.87817586          4.41205862          0.31500693         -0.37809807         -0.06606410          4.39582792          0.30800147
         12.82999715          4.56601267          0.32420435          0.20147822         -0.02215502          4.56156533          0.32344646
         12.82985410          4.51960904          0.32235450         -0.19790775         -0.05239698          4.51527390          0.31806757
         12.94542905          0.35054432          0.09728181         -0.20829221         -0.06046806         -0.28194978         -0.07620606
         12.95222381          0.35891511          0.08295661          0.19838577         -0.02825278         -0.29910390         -0.07799730
         12.89624324          0.48477091          0.10529785         -0.17664133         -0.05811502         -0.45144288         -0.08780821
         12.90228097          0.51705572          0.09420544          0.20622982         -0.02776326         -0.47414754         -0.09002148
         12.94544565          4.31258608          0.30387232          0.19841119         -0.02227102          4.30801947          0.30305509
         12.93530844          4.29377504          0.30469077         -0.20936704         -0.05350748          4.28866757          0.29995569
         12.89554326          4.43719574          0.31405420          0.20928371         -0.02150228          4.43225748          0.31331724
         12.88911601          4.41967310          0.31437566         -0.11143141         -0.04605388          4.41826814          0.31098407
         13.05670714          0.22608557          0.05678676          0.20226353         -0.02732336          0.10101560         -0.04978123
         13.05327254          0.23416634          0.07728016         -0.20711245         -0.05986629          0.10926256         -0.04886974
         13.00359562          0.20613907          0.08578241         -0.18853081         -0.05870793         -0.08336335         -0.06254599
         13.00670769          0.22444836          0.06981301          0.20136813         -0.02774719         -0.09913598         -0.06406208
         13.06786926          3.95835038          0.27399738          0.20420098         -0.02156024          3.95307977          0.27314780
         13.06297383          3.94528288          0.27617622         -0.21761670         -0.05434926          3.93927658          0.27077567
         13.01787624          4.11295138          0.28714435          0.20092241         -0.02193152          4.10804080          0.28630559
         13.01369126          4.09527975          0.28840111         -0.18826338         -0.05203057          4.09095015          0.28366885
         13.10253285          0.35995665          0.04452847          0.19750754         -0.02728024          0.30093115         -0.03519337
         13.10180677          0.36311223          0.06771252         -0.19170594         -0.05828161          0.30838178         -0.03447084
         13.15247959          0.58946753          0.03073939          0.20510513         -0.02606524          0.55263356         -0.01629457
         13.15167424          0.58536543          0.06098585         -0.20368792         -0.05870574          0.54878404         -0.01651997
         13.16816806          3.53806962          0.23731852          0.21178084         -0.02074406          3.53172557          0.23641016
         13.16698584          3.53683683          0.24155364         -0.21283377         -0.05417085          3.53042725          0.23540111
         13.11828612          3.75841173          0.25668828          0.19857294         -0.02189302          3.75316234          0.25575295
         13.11727233          3.74617690          0.25914583         -0.19277958         -0.05252292          3.74121336          0.25376742
         13.18878371          0.77342884          0.02733332          0.18346164         -0.02731102          0.75135478         -0.00110377
         13.18967895          0.77184719          0.05714334         -0.18953709         -0.05712718          0.74821373         -0.00135888
         13.22353090          1.01980384          0.03140228          0.19997608         -0.02532452          1.00000472          0.01856803
         13.22673767          1.01980737          0.06024111         -0.20002770         -0.05734159          0.99999799          0.01846438
         13.26447277          1.39821003          0.05482813          0.21148531         -0.02341574          1.38212346          0.04957647
         13.26711951          1.36490966          0.07343028         -0.20230448         -0.05667103          1.34983380          0.04669475
         13.27878303          1.67438825          0.07145550          0.36181351         -0.01061754          1.63482935          0.07066227
         13.27424602          2.70964885          0.16378925          0.24097132         -0.01865056          2.69891270          0.16272393
         13.27704678          2.76090897          0.17570575         -0.21719069         -0.05516901          2.75235291          0.16681993
         13.24772240          3.00665398          0.19056178          0.19998371         -0.02174649          2.99999578          0.18931688
         13.25096224          3.00666450          0.19615285         -0.20003036         -0.05355739          3.00000321          0.18869962
         13.20292549          3.33843120          0.21990741          0.19391595         -0.02214847          3.33279455          0.21878920
         13.20389766          3.33731605          0.22426660         -0.19338814         -0.05277204          3.33170819          0.21796931
         13.28313836          1.56597214          0.07212982          0.09514685         -0.03239886          1.56307895          0.06444397
         13.28435356          1.56159153          0.08405698         -0.19316480         -0.05546875          1.54959848          0.06315691
         13.29055428          1.81677628          0.08840511          0.19371027         -0.02387535          1.80641977          0.08512009
         13.29619333          1.81107706          0.10087851         -0.20000114         -0.05545740          1.79999990          0.08426713
         13.29526749          2.20907179          0.12108913          0.19999987         -0.02261743          2.19999959          0.11895810
         13.30138598          2.20907243          0.13055129         -0.20000059         -0.05466281          2.20000018          0.11855639
         13.28713474          2.52493086          0.14890535          0.16661786         -0.02484887          2.51942738          0.14681736
         13.28954480          2.56111721          0.15874516         -0.19478681         -0.05367532          2.55369917          0.14939540
