          1.03677775          7.99764489          0.30015047         -7.99056648         -0.27222797          0.33640913          0.12642087
          1.03000231          8.27065147          0.15992770          8.26823156          0.13109430          0.20005636          0.09160325
          1.02706274          8.03976693          0.29547330         -8.03852853         -0.27611890          0.14110777          0.10517996
          1.03000127          8.10519697          0.29398376         -8.10273010         -0.28700849         -0.19995741          0.06365986
          1.02999820          8.31253565          0.15825973          8.31012708          0.12488670         -0.20009229          0.09720831
          1.13547593          7.98552795          0.31648194         -7.98099467         -0.29157475          0.26903659          0.12306496
          1.13000248          8.24354844          0.18242028          8.24111975          0.15670296          0.20009025          0.09338812
          1.12056323          8.02231520          0.30915094         -8.02190177         -0.29209385          0.08144375          0.10126939
          1.13000046          8.06868545          0.30910581         -8.06620696         -0.30199338         -0.19997526          0.06592725
          1.12999704          8.28493449          0.17820353          8.28251408          0.14944236         -0.20024986          0.09707462
          1.23122563          7.97090815          0.33624438         -7.96824303         -0.31416125          0.20610608          0.11984571
          1.26031900          7.99609784          0.33537899         -7.99584481         -0.32376089         -0.06361239          0.08750970
          1.23000102          8.21265062          0.21099943          8.21021419          0.18847472          0.20003298          0.09485800
          1.19365234          8.00562125          0.32296455         -8.00559274         -0.30814069          0.02136224          0.09672340
          1.22502963          8.03045309          0.32674701         -8.02736822         -0.32015683         -0.22256728          0.06529328
          1.22999690          8.25301279          0.20417071          8.25058262          0.18023741         -0.20026593          0.09591743
          1.33000417          7.95086389          0.35796940         -7.94834574         -0.33630847          0.20009163          0.12263238
          1.33589700          7.98946146          0.34954704         -7.98760715         -0.34154506         -0.17212331          0.07436468
          1.32999959          8.18506993          0.23934902          8.18262638          0.21941932          0.19998827          0.09561964
          1.30251558          8.01579172          0.34061566         -8.00898450         -0.33659435         -0.33027906          0.05218499
          1.32999696          8.22396159          0.23051348          8.22152263          0.21055909         -0.20027440          0.09381543
          1.43000343          7.93116055          0.37900977         -7.92863668         -0.35757169          0.20007011          0.12566182
          1.42999934          7.97366327          0.36891337         -7.97115382         -0.36183159         -0.20003192          0.07193727
          1.42999822          8.16054107          0.26673607          8.15809100          0.24894681          0.19995457          0.09577902
          1.42999723          8.19755817          0.25642562          8.19511137          0.23976556         -0.20027390          0.09092071
          1.53000282          7.91241727          0.39860272         -7.90988783         -0.37742217          0.20005397          0.12820542
          1.52999926          7.95515928          0.38878854         -7.95264390         -0.38186463         -0.20003520          0.07304751
          1.52999698          8.13884232          0.29271125          8.13638629          0.27672535          0.19993092          0.09540941
          1.52999768          8.17363209          0.28136365          8.17117832          0.26746061         -0.20026551          0.08735172
          1.63000232          7.89451714          0.41662545         -7.89198227         -0.39572062          0.20004186          0.13031486
          1.62999921          7.93736454          0.40713450         -7.93484348         -0.40038731         -0.20003716          0.07381397
          1.62999594          8.11974743          0.31707552          8.11728599          0.30263922          0.19991649          0.09458533
          1.62999829          8.15201464          0.30503326          8.14955473          0.29345878         -0.20025094          0.08322999
          1.73000190          7.87733655          0.43305225         -7.87479638         -0.41242928          0.20003264          0.13204671
          1.72999919          7.92018451          0.42389444         -7.91765794         -0.41733634         -0.20003825          0.07427569
          1.72999514          8.10302683          0.33980343          8.10056046          0.32671998          0.19991009          0.09338323
          1.72999900          8.13253915          0.32732604          8.13007381          0.31772931         -0.20023195          0.07867921
          1.83000154          7.86076094          0.44792358         -7.85821559         -0.42758152          0.20002547          0.13345253
          1.82999918          7.90352696          0.43908976         -7.90099506         -0.43272866         -0.20003866          0.07446961
          1.82999460          8.08846150          0.36096562          8.08599068          0.34907667          0.19991010          0.09187851
          1.82999977          8.11505109          0.34824730          8.11258098          0.34033326         -0.20021006          0.07382041
          1.93000124          7.84468890          0.46132605         -7.84213849         -0.44126036          0.20001967          0.13457717
          1.92999919          7.88730837          0.45279892         -7.88477127         -0.44663960         -0.20003838          0.07443072
          1.92999430          8.07585840          0.38068401          8.07338361          0.36985804          0.19991471          0.09014070
          1.93000054          8.09941838          0.36787132          8.09694409          0.36138709         -0.20018648          0.06876541
          2.03000096          7.82903049          0.47337265         -7.82647510         -0.45357735          0.20001479          0.13545941
          2.02999923          7.87145396          0.46513457         -7.86891177         -0.45917924         -0.20003735          0.07419296
          2.02999419          8.06506621          0.39910325          8.06258792          0.38922876          0.19992242          0.08822912
          2.03000128          8.08554265          0.38630923          8.08306472          0.38103588         -0.20016186          0.06361192
          2.13000069          7.81370101          0.48418489         -7.81114071         -0.46465340          0.20001046          0.13613310
          2.12999928          7.85589252          0.47622209         -7.85334535         -0.47047053         -0.20003553          0.07378993
          2.12999420          8.05598233          0.41637142          8.05350100          0.40735340          0.19993215          0.08618797
          2.13000194          8.07336463          0.40368607          8.07088358          0.39943377         -0.20013672          0.05843889
          2.23000044          7.79861162          0.49388165         -7.79604647         -0.47460676          0.20000651          0.13662909
          2.22999935          7.84054764          0.48618620         -7.83799554         -0.48063567         -0.20003291          0.07325553
          2.22999431          8.04854781          0.43263380          8.04606391          0.42439229          0.19994332          0.08404279
          2.23000250          8.06286054          0.42013291          8.06037689          0.41673794         -0.20011140          0.05330252
          2.33000019          7.78366225          0.50256645         -7.78109227         -0.48354019          0.20000284          0.13697418
          2.32999943          7.82533101          0.49513552         -7.82277403         -0.48978075         -0.20002955          0.07262232
          2.32999448          8.04273614          0.44801657          8.04025014          0.44048482          0.19995572          0.08180447
          2.33000292          8.05403531          0.43576786          8.05154956          0.43308944         -0.20008634          0.04824068
          2.42999996          7.76873444          0.51032327         -7.76615961         -0.49153668          0.19999938          0.13719159
          2.42999952          7.81013538          0.50315793         -7.80757353         -0.49799121         -0.20002554          0.07192118
          2.42999473          8.03853130          0.46262034          8.03604367          0.45574246          0.19996911          0.07947570
          2.43000317          8.04690549          0.45068782          8.04441813          0.44860504         -0.20006239          0.04327847
          2.52999974          7.75368631          0.51721779         -7.75110657         -0.49866061          0.19999605          0.13730203
          2.52999962          7.79482912          0.51032201         -7.79226236         -0.50533334         -0.20002093          0.07118121
          2.52999505          8.03590307          0.47651930          8.03341428          0.47024779          0.19998298          0.07705621
          2.53000323          8.04147691          0.46496710          8.03898841          0.46337613         -0.20004069          0.03843134
          2.62999953          7.73835326          0.52329842         -7.73576849         -0.50495901          0.19999275          0.13732311
          2.62999973          7.77925673          0.51667796         -7.77668496         -0.51185532         -0.20001569          0.07042901
          2.62999545          8.03479062          0.48975892          8.03230115          0.48405167          0.19999656          0.07455055
          2.63000309          8.03772823          0.47865208          8.03523902          0.47746336         -0.20002240          0.03371282
          2.72999933          7.72255339          0.52859848         -7.71996342         -0.51046424          0.19998931          0.13726839
          2.72999984          7.76324417          0.52225970         -7.76066725         -0.51758935         -0.20000969          0.06968823
          2.72999591          8.03509676          0.50235701          8.03260708          0.49717411          0.20000894          0.07197546
          2.73000276          8.03560283          0.49175785          8.03311331          0.49089347         -0.20000845          0.02914417
          2.82999914          7.70609384          0.53314247         -7.70349843         -0.51520020          0.19998553          0.13714827
          2.82999996          7.74660496          0.52709167         -7.74402268         -0.52255851         -0.20000273          0.06897991
          2.82999642          8.03668916          0.51431345          8.03419971          0.50961527          0.20001927          0.06935846
          2.83000227          8.03500471          0.50427665          8.03251523          0.50366871         -0.19999933          0.02475409
          2.92999894          7.68877844          0.53695188         -7.68617729         -0.51918815          0.19998112          0.13697074
          2.93000008          7.72914780          0.53119527         -7.72655990         -0.52678309         -0.19999448          0.06832264
          2.92999692          8.03940826          0.52562031          8.03691945          0.52136712          0.20002705          0.06673115
          2.93000168          8.03580076          0.51618885          8.03331164          0.51577872         -0.19999492          0.02057284
          3.02999874          7.67041574          0.54004920         -7.66780850         -0.52245069          0.19997581          0.13674212
          3.03000022          7.71068473          0.53459321         -7.70809089         -0.53028500         -0.19998462          0.06773270
          3.02999740          8.04307858          0.53626902          8.04059078          0.53242157          0.20003222          0.06412283
          3.03000104          8.03782843          0.52747174          8.03533995          0.52720962         -0.19999453          0.01662671
          3.12999851          7.65082703          0.54245966         -7.64821329         -0.52501363          0.19996936          0.13646673
          3.13000037          7.69103982          0.53731117         -7.68843966         -0.53308932         -0.19997273          0.06722404
          3.12999784          8.04752036          0.54625326          8.04503387          0.54277358          0.20003501          0.06155866
          3.13000040          8.04090784          0.53810325          8.03842024          0.53794771         -0.19999715          0.01293736
          3.25747942          7.60538224          0.54755526         -7.59639124         -0.52202346          0.36970145          0.16525215
          3.22770867          7.63232011          0.54403966         -7.63005782         -0.52734942          0.18581676          0.13372262
          3.23000054          7.67005471          0.53937917         -7.66744780         -0.53522566         -0.19995850          0.06680848
          3.22999823          8.05255696          0.55557170          8.05007201          0.55242392          0.20003586          0.05905694
          3.22999981          8.04485091          0.54806704          8.04236442          0.54798438         -0.20000166          0.00951849
          3.33752109          7.59602780          0.54752348         -7.58963786         -0.52515662          0.31150538          0.15489508
          3.32466756          7.61940146          0.54462682         -7.61843915         -0.53072382          0.12109295          0.12227264
          3.33000074          7.64759212          0.54083245         -7.64497800         -0.53672900         -0.19994163          0.06649601
          3.32999856          8.05801927          0.56422897          8.05553601          0.56138008          0.20003523          0.05662802
          3.32999929          8.04946887          0.55735566          8.04698368          0.55731921         -0.20000704          0.00637390
          3.43429733          7.58446865          0.54719239         -7.58086351         -0.52867439          0.23382319          0.14114852
          3.47800457          7.59960667          0.54478863         -7.59959960         -0.53566132         -0.01036505          0.09930560
          3.41133791          7.60811499          0.54486011         -7.60792931         -0.53356668          0.05315272          0.11035914
          3.42988744          7.62360395          0.54170538         -7.62097039         -0.53764303         -0.20036840          0.06621700
          3.42999883          8.06374944          0.57223403          8.06126799          0.56965402          0.20003356          0.05427784
          3.42999885          8.05458019          0.56596896          8.05209644          0.56595813         -0.20001249          0.00350147
          3.52999900          7.56842792          0.54740453         -7.56578566         -0.53051176          0.19997122          0.13494069
          3.54296436          7.59403152          0.54279549         -7.59231663         -0.53787305         -0.16137821          0.07293509
          3.50413245          7.61122903          0.54153498         -7.60618569         -0.53895629         -0.27703171          0.05278494
          3.52999906          8.06960192          0.57960014          8.06712233          0.57726193          0.20003119          0.05200953
          3.52999851          8.06001418          0.57391439          8.05753198          0.57391370         -0.20001743          0.00089469
          3.62999861          7.54718618          0.54777335         -7.54453688         -0.53101958          0.19995616          0.13443901
          3.63000116          7.57805973          0.54298685         -7.57542258         -0.53891934         -0.19990511          0.06633754
          3.62999925          8.07544402          0.58634386          8.07296629          0.58422328          0.20002842          0.04982245
          3.62999825          8.06561331          0.58120599          8.06313274          0.58120416         -0.20002149         -0.00145833
          3.72999820          7.52443542          0.54774144         -7.52177858         -0.53112641          0.19993852          0.13388588
          3.73000140          7.55566573          0.54336211         -7.55302121         -0.53926999         -0.19988794          0.06656018
          3.72999941          8.08115677          0.59248344          8.07868087          0.59055889          0.20002543          0.04771610
          3.72999807          8.07123632          0.58786098          8.06875739          0.58785014         -0.20002456         -0.00356953
          3.82999778          7.50031490          0.54739280         -7.49765005         -0.53092008          0.19991848          0.13327696
          3.83000164          7.53186876          0.54341838         -7.52921631         -0.53928617         -0.19987165          0.06688771
          3.82999954          8.08663404          0.59803866          8.08415989          0.59629056          0.20002236          0.04569251
          3.82999796          8.07675793          0.59389879          8.07428065          0.59387381         -0.20002656         -0.00544752
          3.92999737          7.47503251          0.54682078         -7.47235924         -0.53049834          0.19989634          0.13260645
          3.93000189          7.50685750          0.54324753         -7.50419659         -0.53906098         -0.19985766          0.06731372
          3.92999964          8.09178058          0.60303054          8.08930808          0.60144132          0.20001933          0.04375126
          3.92999790          8.08206566          0.59934168          8.07958999          0.59929958         -0.20002748         -0.00710327
          4.02999696          7.44886415          0.54612532         -7.44618211         -0.52996610          0.19987267          0.13186661
          4.03000213          7.48088333          0.54294736         -7.47821345         -0.53869391         -0.19984759          0.06782851
          4.02999973          8.09651078          0.60748024          8.09403980          0.60603418          0.20001639          0.04189047
          4.02999790          8.08705905          0.60421262          8.08458491          0.60415214         -0.20002738         -0.00854872
          4.12999658          7.42214742          0.54540907         -7.41945639         -0.52943136          0.19984823          0.13104766
          4.13000232          7.45425382          0.54261714         -7.45157451         -0.53828642         -0.19984301          0.06841856
          4.12999981          8.10074689          0.61140872          8.09827727          0.61009176          0.20001356          0.04010827
          4.12999794          8.09164803          0.60853442          8.08917532          0.60845558         -0.20002630         -0.00979512
          4.22999623          7.39527000          0.54477299         -7.39256984         -0.52900055          0.19982388          0.13013848
          4.23000245          7.42732079          0.54235319         -7.42463171         -0.53793750         -0.19984515          0.06906681
          4.22999987          8.10441721          0.61483660          8.10194878          0.61363612          0.20001084          0.03840245
          4.22999803          8.09575065          0.61232959          8.09327924          0.61223339         -0.20002429         -0.01085363
          4.32999592          7.36865382          0.54431176         -7.36594453         -0.52877354          0.19980071          0.12912717
          4.33000247          7.40046503          0.54224443         -7.39776593         -0.53773927         -0.19985483          0.06975311
          4.32999992          8.10745465          0.61778403          8.10498721          0.61668875          0.20000822          0.03677082
          4.32999814          8.09929146          0.61562028          8.09682120          0.61550842         -0.20002140         -0.01173504
          4.42999569          7.34273668          0.54410950         -7.34001838         -0.52883900          0.19978013          0.12800177
          4.43000236          7.37407922          0.54236844         -7.37136999         -0.53777286         -0.19987214          0.07045479
          4.42999996          8.10979594          0.62027060          8.10732927          0.61927037          0.20000569          0.03521113
          4.42999829          8.10220043          0.61842807          8.09973116          0.61830273         -0.20001765         -0.01245009
          4.52999556          7.31795296          0.54423583         -7.31522590         -0.52927018          0.19976363          0.12675063
          4.53000209          7.34855063          0.54278802         -7.34583132         -0.53810492         -0.19989635          0.07114721
          4.53000000          8.11138117          0.62231505          8.10891505          0.62140078          0.20000325          0.03372087
          4.52999846          8.10441268          0.62077369          8.10194419          0.62063735         -0.20001309         -0.01300968
          4.62999557          7.29471413          0.54474293         -7.29197868         -0.53012168          0.19975293          0.12536293
          4.63000164          7.32424418          0.54354869         -7.32151504         -0.53878503         -0.19992587          0.07180438
          4.63000003          8.11215332          0.62393534          8.10968749          0.62309885          0.20000090          0.03229760
          4.62999866          8.10586796          0.62267703          8.10340005          0.62253230         -0.20000775         -0.01342470
          4.72999575          7.27339010          0.54566352         -7.27064672         -0.53142739          0.19974963          0.12382896
          4.73000101          7.30148671          0.54467706         -7.29874816         -0.53984390         -0.19995847          0.07239937
          4.73000006          8.11205757          0.62514879          8.10959177          0.62438272          0.19999870          0.03093927
          4.72999888          8.10651012          0.62415741          8.10404255          0.62400692         -0.20000166         -0.01370575
          4.82999616          7.25429312          0.54700996         -7.25154236         -0.53319939          0.19975498          0.12214054
          4.83000023          7.28055302          0.54618059         -7.27780570         -0.54129293         -0.19999142          0.07290542
          4.83000008          8.11104097          0.62597192          8.10857490          0.62526960          0.19999674          0.02964418
          4.82999913          8.10628675          0.62523345          8.10381928          0.62507974         -0.19999487         -0.01386325
          4.92999683          7.23766458          0.54877449         -7.23490709         -0.53542826          0.19976980          0.12029140
          4.92999934          7.26165553          0.54804797         -7.25890021         -0.54312445         -0.20002198          0.07329666
          4.93000009          8.10905173          0.62642041          8.10658510          0.62577579          0.19999515          0.02841113
          4.92999940          8.10514872          0.62592298          8.10268109          0.62576846         -0.19998743         -0.01390741
          5.02999778          7.22366633          0.55093079         -7.22090283         -0.53808475          0.19979392          0.11827737
          5.02999839          7.24493713          0.55025110         -7.24217475         -0.54531351         -0.20004756          0.07354898
          5.03000009          8.10603860          0.62650900          8.10357107          0.62591655          0.19999416          0.02723954
          5.02999968          8.10304956          0.62624301          8.10058148          0.62608988         -0.19997937         -0.01384815
          5.12999902          7.21237749          0.55343651         -7.20960875         -0.54112250          0.19982647          0.11609654
          5.12999747          7.23046936          0.55274761         -7.22770093         -0.54782020         -0.20006628          0.07364068
          5.13000008          8.10194989          0.62625141          8.09948112          0.62570607          0.19999406          0.02612952
          5.12999998          8.09994453          0.62620963          8.09747572          0.62605986         -0.19997075         -0.01369505
          5.26347665          7.20037006          0.55690545         -7.19884527         -0.54627543          0.14817465          0.10829048
          5.26370644          7.19884820          0.55600075         -7.19881485         -0.54822682         -0.02191033          0.09265086
          5.21728959          7.20564373          0.55605150         -7.20229863         -0.54384287          0.21953592          0.11588010
          5.22858603          7.21917320          0.55547850         -7.21618980         -0.55069556         -0.20752463          0.07273767
          5.23000005          8.09673247          0.62566025          8.09426208          0.62515730          0.19999520          0.02508204
          5.23000029          8.09578961          0.62583787          8.09331976          0.62569317         -0.19996162         -0.01345721
          5.33000123          7.19921270          0.55941434         -7.19643543         -0.54824560          0.19995158          0.11122573
          5.33792729          7.19693583          0.55837600         -7.19661994         -0.55155860         -0.06742934          0.08698775
          5.32637221          7.21470507          0.55858018         -7.20999809         -0.55455443         -0.26057022          0.06694183
          5.33000002          8.09033040          0.62474686          8.08785798          0.62428189          0.19999805          0.02409895
          5.33000061          8.09054011          0.62514162          8.08806890          0.62500344         -0.19995200         -0.01314325
          5.43000231          7.19667979          0.56269451         -7.19390090         -0.55212601          0.19997482          0.10854486
          5.43396352          7.19546049          0.56152875         -7.19439654         -0.55576218         -0.12373346          0.08026792
          5.42386294          7.21236095          0.56179069         -7.20535176         -0.55846432         -0.31789394          0.06104415
          5.42999997          8.08268384          0.62352112          8.08020896          0.62308999          0.20000313          0.02318297
          5.43000094          8.08414949          0.62413340          8.08167657          0.62400293         -0.19994192         -0.01276115
          5.52921506          7.19542417          0.56593402         -7.19278103         -0.55603863          0.19501277          0.10536769
          5.53255759          7.19503941          0.56477756         -7.19277374         -0.55993181         -0.18054912          0.07382457
          5.55984684          7.21109925          0.56853620         -7.20061839         -0.55599790          0.38864787          0.11874236
          5.50805589          7.21130153          0.56456731         -7.20196244         -0.56175430         -0.36688798          0.05628815
          5.52999993          8.07372767          0.62199144          8.07124985          0.62159020          0.20001103          0.02233766
          5.53000128          8.07656799          0.62282429          8.07409301          0.62270246         -0.19993135         -0.01231827
          5.62836566          7.19395175          0.56899793         -7.19201015         -0.56005043          0.16712822          0.10050956
          5.62999782          7.19328563          0.56789136         -7.19050392         -0.56342729         -0.20002879          0.07106541
          5.63818211          7.21160014          0.57092558         -7.20241302         -0.55944687          0.36390003          0.11390883
          5.62999989          8.06338984          0.62016467          8.06090856          0.61978953          0.20002245          0.02156737
          5.63000162          8.06774098          0.62122394          8.06526357          0.62111146         -0.19992021         -0.01182120
          5.72809733          7.19304222          0.57199849         -7.19176872         -0.56396449          0.13534770          0.09553178
          5.72999820          7.19111843          0.57095162         -7.18833613         -0.56665592         -0.20001971          0.06990586
          5.73395643          7.21304942          0.57384416         -7.20533391         -0.56355385          0.33353431          0.10818585
          5.72999987          8.05159078          0.61804590          8.04910547          0.61769320          0.20003810          0.02087705
          5.73000197          8.05760780          0.61934042          8.05512756          0.61923777         -0.19990842         -0.01127583
          5.82777029          7.19288858          0.57490455         -7.19211026         -0.56767911          0.10581180          0.09086075
          5.82999880          7.18993333          0.57388239         -7.18715086         -0.56977494         -0.20000959          0.06853837
          5.83249822          7.21553800          0.57680276         -7.20911038         -0.56759778          0.30449327          0.10263621
          5.82999989          8.03824216          0.61563880          8.03575221          0.61530494          0.20005875          0.02027213
          5.83000233          8.04610080          0.61718035          8.04361733          0.61708781         -0.19989571         -0.01068718
          5.92730220          7.19340469          0.57767686         -7.19297087         -0.57116784          0.07900071          0.08647458
          5.92999963          7.18960814          0.57665833         -7.18682584         -0.57275710         -0.19999892          0.06696369
          5.93176066          7.21893113          0.57969141         -7.21357955         -0.57145473          0.27791506          0.09737365
          5.92999998          8.02324640          0.61294558          8.02075113          0.61262704          0.20008516          0.01975837
          5.93000271          8.03314436          0.61474903          8.03065723          0.61466672         -0.19988190         -0.01005945
          6.02651998          7.19449580          0.58028118         -7.19428554         -0.57441132          0.05500354          0.08232793
          6.03000070          7.19002355          0.57925893         -7.18724171         -0.57557965         -0.19998814          0.06518418
          6.03131846          7.22307541          0.58245747         -7.21860807         -0.57508476          0.25400006          0.09238085
          6.06664162          8.00060506          0.60883045          7.99772649          0.60849313          0.21459813          0.02026397
          6.07313936          7.99894414          0.60919634          7.99892147          0.60918712         -0.01904592          0.00335095
          6.01692269          8.00878931          0.61038969          8.00641650          0.61009368          0.19493824          0.01900737
          6.02935695          8.01899845          0.61209714          8.01643928          0.61202200         -0.20257712         -0.00959086
          6.12488394          7.19606117          0.58268345         -7.19598184         -0.57738720          0.03379002          0.07838377
          6.13000204          7.19106390          0.58166806         -7.18828275         -0.57822403         -0.19997767          0.06320375
          6.13102643          7.22782084          0.58506575         -7.22407472         -0.57846812          0.23267690          0.08761603
          6.13000046          7.98896042          0.60675958          7.98645295          0.60646071          0.20014459          0.01904214
          6.14167410          7.99392462          0.60790164          7.99315670          0.60789593         -0.11080092         -0.00263464
          6.11939882          8.01215349          0.61029149          8.00722122          0.61012409         -0.28109056         -0.01429336
          6.21920535          7.19794082          0.58480465         -7.19792374         -0.58001291          0.01567809          0.07470945
          6.23000365          7.19261737          0.58387354         -7.18983709         -0.58067541         -0.19996792          0.06102766
          6.23082114          7.23302847          0.58749169         -7.22986887         -0.58159418          0.21376867          0.08303435
          6.23000094          7.96974356          0.60327920          7.96722886          0.60298439          0.20019140          0.01885764
          6.23116700          7.98539782          0.60585088          7.98302165          0.60580273         -0.19479122         -0.00763842
          6.18988037          8.01043195          0.60918431          8.00166747          0.60886105         -0.37461667         -0.01984293
          6.28961585          7.19952591          0.58628323         -7.19952519         -0.58184378          0.00322383          0.07201276
          6.32822150          7.19422582          0.58575817         -7.19110341         -0.58288054         -0.21193615          0.05799060
          6.33016017          7.23948325          0.58977240         -7.23669623         -0.58448756          0.20086150          0.07877678
          6.35628252          7.20151229          0.58749874         -7.20147281         -0.58350862         -0.02384615          0.06835534
          6.33000164          7.94836984          0.59950534          7.94584700          0.59921087          0.20024607          0.01878800
          6.33000416          7.96763242          0.60252343          7.96512632          0.60248016         -0.19982269         -0.00722091
          6.42811624          7.19532467          0.58727001         -7.19091500         -0.58484995         -0.25187020          0.05325967
          6.43002228          7.24861219          0.59201748         -7.24584763         -0.58724891          0.20017697          0.07498942
          6.43532751          7.20422186          0.58882496         -7.20401723         -0.58532294         -0.05429860          0.06412401
          6.43000258          7.92471314          0.59543933          7.92218119          0.59514128          0.20030823          0.01883760
          6.43000473          7.94729227          0.59884865          7.94478039          0.59881408         -0.19979729         -0.00643438
          6.52847936          7.19603477          0.58855908         -7.19058774         -0.58649623         -0.27993620          0.04923377
          6.53002316          7.25813007          0.59407213         -7.25536925         -0.58979277          0.20017292          0.07117710
          6.53229956          7.20768838          0.59030541         -7.20723582         -0.58728687         -0.08076903          0.05962059
          6.53000378          7.89865054          0.59108370          7.89610850          0.59077793          0.20037706          0.01900987
          6.53000537          7.92486607          0.59491509          7.92234779          0.59488860         -0.19976902         -0.00561467
          6.62877287          7.19643832          0.58962638         -7.19023922         -0.58785490         -0.29863784          0.04567144
          6.63002384          7.26768259          0.59591633         -7.26492559         -0.59210090          0.20016601          0.06732603
          6.63128807          7.21125787          0.59162438         -7.21057835         -0.58901532         -0.09899478          0.05550095
          6.63000524          7.87006579          0.58644274          7.86751262          0.58612483          0.20045121          0.01930715
          6.63000607          7.90023841          0.59072640          7.89771306          0.59070722         -0.19973811         -0.00475988
          6.72903269          7.19657200          0.59047305         -7.18982772         -0.58895475         -0.31148984          0.04231700
          6.73002433          7.27713227          0.59754844         -7.27437910         -0.59417051          0.20015671          0.06344719
          6.73079987          7.21479592          0.59274758         -7.21393207         -0.59049645         -0.11164335          0.05161042
          6.73000696          7.83885336          0.58152305          7.83628803          0.58118823          0.20052895          0.01973054
          6.73000681          7.87329686          0.58628736          7.87076370          0.58627460         -0.19970514         -0.00386796
          6.82927390          7.19644704          0.59110488         -7.18931387         -0.58981427         -0.32033748          0.03903970
          6.83002463          7.28634827          0.59896783         -7.28359890         -0.59600006          0.20014543          0.05955161
          6.83051616          7.21822759          0.59366979         -7.21722355         -0.59173901         -0.12039033          0.04784103
          6.83000889          7.80492288          0.57633425          7.80234437          0.57597734          0.20060797          0.02027982
          6.83000757          7.84393592          0.58160457          7.84139416          0.58159715         -0.19967083         -0.00293700
          6.92950155          7.19605957          0.59152999         -7.18866004         -0.59044758         -0.32625150          0.03576848
          6.93002475          7.29520371          0.60017441         -7.29245804         -0.59758879          0.20013250          0.05565034
          6.93032986          7.22149153          0.59439329         -7.22038781         -0.59275283         -0.12625295          0.04413009
          6.93001098          7.76820439          0.57088966          7.76561168          0.57050500          0.20068572          0.02095340
          6.93000834          7.81206191          0.57668715          7.80951065          0.57668381         -0.19963639         -0.00196534
          7.02971572          7.19539616          0.59175796         -7.18782969         -0.59086675         -0.32989437          0.03246485
          7.03002467          7.30357333          0.60116826         -7.30083119         -0.59893636          0.20011822          0.05175436
          7.03019520          7.22453007          0.59492337         -7.22336265         -0.59354713         -0.12987194          0.04044289
          7.03001317          7.72865388          0.56520699          7.72604598          0.56478842          0.20075928          0.02174826
          7.03000909          7.77759819          0.57154738          7.77503647          0.57154658         -0.19960320         -0.00095185
          7.12991440          7.19443663          0.59179913         -7.18678648         -0.59108275         -0.33169037          0.02911008
          7.13002442          7.31133156          0.60194931         -7.30859275         -0.60004250          0.20010287          0.04787454
          7.13008913          7.22728579          0.59526663         -7.22608644         -0.59413037         -0.13166110          0.03676232
          7.13001537          7.68625884          0.55930902          7.68363482          0.55884981          0.20082557          0.02265992
          7.13000977          7.74049053          0.56620133          7.73791731          0.56620132         -0.19957289          0.00010391
          7.23009529          7.19315525          0.59166418         -7.18549347         -0.59110582         -0.33191271          0.02569844
          7.26959354          7.60380441          0.54793071          7.59494646          0.54689115          0.36691938          0.03373615
          7.23002398          7.31835079          0.60251716         -7.31561505         -0.60090684          0.20008673          0.04402146
          7.22999837          7.22970001          0.59543015         -7.22849693         -0.59451038         -0.13188779          0.03308283
          7.22840855          7.64285909          0.55346755          7.64039618          0.55297836          0.19401336          0.02326499
          7.23001036          7.70071241          0.56066936          7.69812655          0.56066808         -0.19954732          0.00120146
          7.33025674          7.19152124          0.59136375         -7.18391220         -0.59094565         -0.33073139          0.02223335
          7.34001568          7.58206550          0.54545389          7.57754721          0.54471173          0.26171652          0.02844432
          7.33002337          7.32449997          0.60287093         -7.32176698         -0.60152879          0.20007007          0.04020536
          7.32991418          7.23171200          0.59542106         -7.23053049         -0.59469444         -0.13071847          0.02940687
          7.31386535          7.61618914          0.55002049          7.61552897          0.54969979          0.10027736          0.01877983
          7.33001080          7.65826927          0.55497636          7.65566957          0.55497143         -0.19952828          0.00233924
          7.43039817          7.18949874          0.59090807         -7.18200179         -0.59061131         -0.32824147          0.01872490
          7.42998498          7.54644550          0.54115470          7.54377372          0.54052906          0.20079286          0.02601428
          7.43002256          7.32964355          0.60300926         -7.32691294         -0.60190746          0.20005317          0.03643600
          7.42982989          7.23325865          0.59524620         -7.23212166         -0.59468929         -0.12824592          0.02574255
          7.44724314          7.58577114          0.54597418          7.58524293          0.54588766         -0.08951780          0.00971942
          7.38057648          7.60026893          0.54792774          7.60026876          0.54775240          0.00161297          0.01386049
          7.42153928          7.62847851          0.55087744          7.62423818          0.55087727         -0.25431566          0.00042603
          7.53051991          7.18704685          0.59030672         -7.17971828         -0.59011129         -0.32448069          0.01518823
          7.53001778          7.49763777          0.53531446          7.49494953          0.53461841          0.20075783          0.02728969
          7.53002157          7.33364101          0.60293021         -7.33091235         -0.60204159          0.20003635          0.03272263
          7.52973956          7.23427442          0.59491192         -7.23320292         -0.59450120         -0.12450654          0.02210220
          7.53294425          7.56459657          0.54317251          7.56230556          0.54314485         -0.18616058          0.00548150
          7.49624322          7.61582814          0.54880402          7.60749439          0.54878741         -0.35618447         -0.00426996
          7.63062308          7.18411956          0.58956839         -7.17701409         -0.58945343         -0.31944097          0.01164240
          7.63001741          7.44739266          0.52958527          7.44468766          0.52881183          0.20070667          0.02861133
          7.63002039          7.33634662          0.60263128         -7.33361942         -0.60192954          0.20002000          0.02907389
          7.62963688          7.23469158          0.59442397         -7.23370473         -0.59413598         -0.11949164          0.01850127
          7.63000757          7.52228461          0.53815593          7.51963405          0.53812341         -0.19967373          0.00591612
          7.73070925          7.18066589          0.58870072         -7.17383761         -0.58864487         -0.31307597          0.00810950
          7.73001636          7.39613401          0.52403638          7.39341221          0.52317929          0.20063464          0.02995943
          7.73001899          7.33760948          0.60210947         -7.33488316         -0.60156934          0.20000456          0.02549778
          7.72951401          7.23444066          0.59378739         -7.23355567         -0.59359897         -0.11315517          0.01495766
          7.73000642          7.47478594          0.53281787          7.47211717          0.53277026         -0.19972460          0.00712333
          7.83078023          7.17663004          0.58771015         -7.17013297         -0.58769203         -0.30530624          0.00461395
          7.83001461          7.34423929          0.51872973          7.34150075          0.51778380          0.20054300          0.03131251
          7.83001737          7.33727384          0.60136130         -7.33454778         -0.60095869          0.19999060          0.02200162
          7.82935987          7.23345099          0.59300650         -7.23268277         -0.59289515         -0.10541914          0.01149122
          7.83000492          7.42608326          0.52762548          7.42339522          0.52755998         -0.19978974          0.00831316
          7.93083782          7.17195185          0.58660178         -7.16584006         -0.58660059         -0.29602278          0.00118195
          7.93001215          7.29210693          0.51372578          7.28935180          0.51268737          0.20043397          0.03264726
          7.93001553          7.33517964          0.60038293         -7.33245313         -0.60009499          0.19997877          0.01859201
          7.92915692          7.23165155          0.59208487         -7.23101195         -0.59202914         -0.09617793          0.00812347
          7.93000309          7.37647038          0.52262816          7.37376212          0.52254239         -0.19986855          0.00946781
          8.05670731          7.19815712          0.50483715          7.18963261          0.50299949          0.35021255          0.04303551
          8.03088380          7.16656743          0.58537934         -7.16089470         -0.58537536         -0.28508922         -0.00215894
          8.02598999          7.24738130          0.50981351          7.24520477          0.50877297          0.17760525          0.03255577
          8.03001345          7.33116290          0.59917019         -7.32843514         -0.59897546          0.19996982          0.01527489
          8.02887428          7.22897212          0.59102546         -7.22846882         -0.59100533         -0.08530212          0.00487751
          8.03000094          7.32626136          0.51787450          7.32353204          0.51776667         -0.19995996          0.01056751
          8.13685018          7.17733493          0.50390826          7.17241000          0.50239651          0.26584113          0.03900358
          8.13091979          7.16040988          0.58404512         -7.15522878         -0.58402034         -0.27234298         -0.00538016
          8.11807460          7.22108669          0.50801996          7.22058030          0.50723272          0.08551682          0.02827095
          8.13001114          7.32505635          0.59771869         -7.32232645         -0.59759710          0.19996463          0.01205548
          8.12845055          7.22534547          0.58983084         -7.22498029         -0.58982816         -0.07264370          0.00177826
          8.12999855          7.27578559          0.51341147          7.27303451          0.51328061         -0.20006214          0.01159077
          8.23045928          7.14938480          0.50256507          7.14653550          0.50126147          0.20182509          0.03617437
          8.23094728          7.15341011          0.58259991         -7.14877057         -0.58253859         -0.25759560         -0.00845230
          8.25345613          7.18931919          0.50628645          7.18896929          0.50587516         -0.07092877          0.02040304
          8.18678946          7.20334420          0.50691613          7.20333088          0.50630768          0.01385633          0.02482923
          8.23000860          7.31669008          0.59602380         -7.31395707         -0.59595678          0.19996414          0.00893838
          8.22774212          7.22071267          0.58850412         -7.22047934         -0.58850300         -0.05804868         -0.00114649
          8.22368500          7.23605755          0.51019960          7.23224603          0.51009365         -0.23483227          0.01039715
          8.32999182          7.11017717          0.50052970          7.10737093          0.49917084          0.19974441          0.03685724
          8.33096760          7.14549805          0.58104294         -7.14144513         -0.58093217         -0.24063214         -0.01134527
          8.33517218          7.17322749          0.50565139          7.17111323          0.50543468         -0.17414858          0.01480247
          8.33000586          7.30589202          0.59408072         -7.30315483         -0.59405115          0.19996933          0.00592754
          8.32631356          7.21504227          0.58705268         -7.21492346         -0.58703998         -0.04140569         -0.00386153
          8.30273984          7.21939600          0.50908449          7.21149831          0.50906123         -0.33759544          0.00486629
          8.42998907          7.07262098          0.49898221          7.06980203          0.49757163          0.19966664          0.03749293
          8.43098201          7.13660364          0.57937198         -7.13317447         -0.57920213         -0.22120915         -0.01402815
          8.42998960          7.13941465          0.50389382          7.13659963          0.50370870         -0.20046770          0.01365747
          8.43000295          7.29248794          0.59188446         -7.28974539         -0.59187672          0.19998117          0.00302636
          8.42192519          7.20846374          0.58551585         -7.20842705         -0.58548204         -0.02299908         -0.00629136
          8.52998686          7.03738580          0.49795694          7.03455441          0.49650904          0.19960738          0.03794585
          8.56237505          7.19692937          0.58303137         -7.19692466         -0.58295589          0.00823094         -0.00938124
          8.53046295          7.12557269          0.57749640         -7.12269088         -0.57725802         -0.20263457         -0.01659128
          8.52998864          7.10014169          0.50209224          7.09730928          0.50189940         -0.20053181          0.01391454
          8.52946046          7.27775124          0.58954511         -7.27491399         -0.58954498          0.20319843          0.00039460
          8.49570838          7.20272120          0.58425196         -7.20271749         -0.58419686         -0.00731794         -0.00802429
          8.62998533          7.00457572          0.49743824          7.00173219          0.49596901          0.19956783          0.03820403
          8.63871392          7.18957663          0.58154254         -7.18952108         -0.58144502          0.02826201         -0.01064955
          8.63001312          7.10678192          0.57495103         -7.10396392         -0.57461480         -0.20011465         -0.01965991
          8.62998825          7.06260586          0.50074804          7.05975701          0.50055325         -0.20058028          0.01396584
          8.62869458          7.26789596          0.58751809         -7.26439398         -0.58751680          0.22559218         -0.00123553
          8.72998452          6.97423710          0.49740117          6.97138178          0.49592755          0.19954759          0.03825948
          8.73478913          7.17932098          0.57955375         -7.17909506         -0.57943115          0.05695503         -0.01192024
          8.73000947          7.08446013          0.57211096         -7.08163388         -0.57165918         -0.20009259         -0.02273174
          8.72998850          7.02695301          0.49985629          7.02408882          0.49966572         -0.20061147          0.01380141
          8.72814839          7.25762518          0.58539512         -7.25314835         -0.58539032          0.25487685         -0.00236889
          8.82998444          6.94635633          0.49781208          6.94348962          0.49635131          0.19954486          0.03810834
          8.83344582          7.16747588          0.57735726         -7.16689283         -0.57721578          0.09142016         -0.01278065
          8.83000579          7.05929175          0.56904530         -7.05645624         -0.56846507         -0.20006313         -0.02569082
          8.82998937          6.99328151          0.49940372          6.99040313          0.49922350         -0.20062512          0.01341526
          8.82714739          7.24596581          0.58310885         -7.24019733         -0.58310085          0.28907285         -0.00305577
          8.92998502          6.92085975          0.49862939          6.91798214          0.49719829          0.19955656          0.03775079
          8.93276763          7.15420400          0.57498006         -7.15298677         -0.57483002          0.13196646         -0.01313468
          8.93000213          7.03108540          0.56574408         -7.02823958         -0.56502410         -0.20002587         -0.02853290
          8.92999080          6.96163638          0.49936849          6.95874499          0.49920427         -0.20062233          0.01280559
          8.92472928          7.23308780          0.58068194         -7.22562940         -0.58067286          0.32838832         -0.00324703
          9.02998616          6.89761526          0.49980472          6.89472730          0.49841911          0.19957888          0.03719073
          9.03232105          7.13949120          0.57241567         -7.13724303         -0.57226989          0.17915514         -0.01291783
          9.02999856          6.99964088          0.56219605         -6.99678356         -0.56132661         -0.19998056         -0.03125442
          9.02999267          6.93200505          0.49972037          6.92910178          0.49957688         -0.20060541          0.01197462
          9.01121723          7.22060057          0.57838800         -7.21119889         -0.57838036          0.36835200         -0.00297206
          9.12998771          6.87643601          0.50128434          6.87353832          0.49995845          0.19960774          0.03643530
          9.12998338          7.11179645          0.56890006         -7.10897527         -0.56873317          0.20029827         -0.01377899
          9.12999514          6.96474858          0.55838862         -6.96187848         -0.55736152         -0.19992701         -0.03385234
          9.12999485          6.90431535          0.50042116          6.90140124          0.50030182         -0.20057770          0.01092840
          9.22998951          6.85708647          0.50301063          6.85417968          0.50175677          0.19963910          0.03549427
          9.22998165          7.07113540          0.56440922         -7.06829582         -0.56419234          0.20037444         -0.01564530
          9.22999193          6.92618860          0.55430781         -6.92330430         -0.55311636         -0.19986543         -0.03632412
          9.22999718          6.87843580          0.50142566          6.87551173          0.50133229         -0.20054297          0.00967631
          9.36653499          6.80489813          0.54385727         -6.79403166         -0.54163739         -0.38441187         -0.04908836
          9.32999144          6.83928962          0.50492392          6.83637437          0.50375214          0.19966967          0.03437933
          9.32998040          7.02608017          0.55958482         -7.02322010         -0.55931450          0.20045437         -0.01739136
          9.32911895          6.88577552          0.55009579         -6.88300498         -0.54875252         -0.19531238         -0.03841942
          9.32999951          6.85417830          0.50268308          6.85124499          0.50261569         -0.20050514          0.00823047
          9.43958130          6.78536511          0.54153594         -6.77690379         -0.53937115         -0.33875465         -0.04837295
          9.42999337          6.82273545          0.50696395          6.81981232          0.50588202          0.19969696          0.03310333
          9.42997962          6.97640651          0.55441278         -6.97352372         -0.55408647          0.20053628         -0.01901886
          9.42632086          6.85755011          0.54671540         -6.85597339         -0.54538863         -0.14704546         -0.03806524
          9.43000173          6.83130406          0.50413837          6.82836202          0.50409510         -0.20046763          0.00660498
          9.55212555          6.80365568          0.51031441          6.79709571          0.50891466          0.29869801          0.03777129
          9.53485647          6.75862581          0.53831247         -6.75309242         -0.53626508         -0.27343283         -0.04690507
          9.56431791          6.80332881          0.50541015          6.79677247          0.50540298         -0.29860831         -0.00269198
          9.51969012          6.80893039          0.50852301          6.80719051          0.50770333          0.15391722          0.02886128
          9.52997930          6.92188331          0.54887826         -6.91897542         -0.54849419          0.20061811         -0.02052978
          9.52218121          6.83147530          0.54338687         -6.83097530         -0.54215349         -0.08265160         -0.03659066
          9.52252021          6.81152994          0.50583634          6.80918079          0.50579510         -0.17887729          0.00645916
          9.63104676          6.79353328          0.51131558          6.79047405          0.51041324          0.20385434          0.03036364
          9.66388540          6.79014963          0.53794876         -6.79006231         -0.53696876          0.03443651         -0.03245636
          9.63185246          6.72613146          0.53452594         -6.72287827         -0.53260706         -0.20917017         -0.04525153
          9.63103751          6.79055729          0.50750629          6.78748304          0.50749983         -0.20430935          0.00256079
          9.58650290          6.80121806          0.50911575          6.80114263          0.50872759          0.03203135          0.01987678
          9.62776042          6.86716722          0.54330540         -6.86390322         -0.54289013          0.21170318         -0.02123821
          9.59721873          6.81014402          0.54062644         -6.81008912         -0.53949336         -0.02734495         -0.03498376
          9.58650290          6.80121764          0.50854690          6.80114263          0.50830903         -0.03194165          0.01555261
          9.72999889          6.78075571          0.51338178          6.77781110          0.51259385          0.19981152          0.02843234
          9.73894094          6.76684712          0.53465260         -6.76572721         -0.53391763          0.12310661         -0.02802449
          9.72997991          6.66937463          0.52902375         -6.66639245         -0.52698962         -0.19942319         -0.04634724
          9.73000537          6.77296822          0.50932791          6.77000579          0.50932731         -0.20029997          0.00078087
          9.71849011          6.83574041          0.53911381         -6.82922928         -0.53884117          0.29828576         -0.01714324
          9.82999987          6.76729364          0.51535487          6.76434340          0.51466540          0.19980404          0.02664899
          9.83065371          6.72464049          0.52966574         -6.72171658         -0.52910338          0.19828261         -0.02440108
          9.82997913          6.60290533          0.52280410         -6.59989598         -0.52060927         -0.19932838         -0.04785518
          9.83000653          6.75475448          0.51102093          6.75178400          0.51101900         -0.20030197         -0.00140203
          9.78685892          6.81575009          0.53604794         -6.80505070         -0.53589572          0.38175151         -0.01277376
          9.93000082          6.75293304          0.51713765          6.74997689          0.51654390          0.19979143          0.02477410
          9.92998118          6.64836279          0.52239842         -6.64532522         -0.52179216          0.20094917         -0.02516048
          9.92997885          6.53082455          0.51616933         -6.52778479         -0.51381718         -0.19923610         -0.04922076
          9.93000760          6.73572536          0.51255911          6.73274626          0.51254594         -0.20030974         -0.00367456
         10.05755939          6.39113602          0.50511724         -6.38195321         -0.50163178         -0.34248032         -0.05923663
         10.03000174          6.73731675          0.51868984          6.73435428          0.51818783          0.19977362          0.02281485
         10.02998268          6.56469246          0.51458907         -6.56161454         -0.51393300          0.20100184         -0.02597664
         10.02534417          6.46339997          0.50978649         -6.46102884         -0.50742864         -0.17505867         -0.04897389
         10.03000859          6.71550730          0.51389753          6.71251883          0.51386219         -0.20032302         -0.00602733
         10.17336305          6.39377473          0.50107114         -6.39370927         -0.49962135          0.02893220         -0.03808932
         10.13688753          6.35184364          0.50048555         -6.34746219         -0.49760008         -0.23588428         -0.05366515
         10.13000264          6.72007329          0.51997246          6.71710389          0.51955717          0.19975056          0.02077741
         10.12909070          6.47653813          0.50644001         -6.47329876         -0.50574959          0.20481542         -0.02643561
         10.10669639          6.42427471          0.50510090         -6.42382735         -0.50318550         -0.07581366         -0.04394628
         10.13000951          6.69371255          0.51499294          6.69071378          0.51492358         -0.20034163         -0.00845232
         10.23988129          6.35932122          0.49629455         -6.35712469         -0.49541914          0.16712879         -0.02946446
         10.22997926          6.27698726          0.49344206         -6.27383429         -0.49068139         -0.19892789         -0.05212330
         10.23000353          6.70081438          0.52094729          6.69783729          0.52061274          0.19972218          0.01866691
         10.20231175          6.42945623          0.50099203         -6.42265745         -0.50055120          0.29559887         -0.02101203
         10.23001037          6.66993770          0.51580334          6.66692754          0.51568725         -0.20036517         -0.01094276
         10.32998756          6.27340684          0.48815779         -6.27018285         -0.48738031          0.20109803         -0.02754019
         10.32998122          6.17928078          0.48491758         -6.17607875         -0.48204801         -0.19890261         -0.05267610
         10.33000441          6.67913187          0.52157641          6.67614612          0.52131575          0.19968845          0.01648755
         10.33001115          6.64376131          0.51628755          6.64073843          0.51611120         -0.20039314         -0.01349317
         10.47007188          5.99998427          0.47155033         -5.98933879         -0.46732167         -0.35725641         -0.06300929
         10.42998961          6.16286486          0.47839063         -6.15958433         -0.47758554          0.20105751         -0.02774255
         10.42804934          6.07926915          0.47622197         -6.07626745         -0.47330885         -0.19101625         -0.05259369
         10.43000528          6.65459506          0.52182171          6.65159947          0.52162730          0.19964958          0.01424267
         10.43001186          6.61474143          0.51640478          6.61170432          0.51615377         -0.20042493         -0.01609908
         10.56660487          5.98492139          0.46430917         -5.98403423         -0.46304507          0.10304557         -0.03423839
         10.53771703          5.95036558          0.46579944         -5.94603926         -0.46254187         -0.22686495         -0.05499217
         10.52330231          6.05783146          0.46900981         -6.05387290         -0.46825100          0.21896344         -0.02666839
         10.49993820          6.02352806          0.47016525         -6.02284682         -0.46785300         -0.09058975         -0.04657177
         10.53000613          6.62674902          0.52164449          6.62374216          0.52150794          0.19960581          0.01193489
         10.53001247          6.58241386          0.51611421          6.57936077          0.51577326         -0.20045967         -0.01875685
         10.63064682          5.92330162          0.45780959         -5.91997173         -0.45696038          0.19858703         -0.02787168
         10.62998886          5.84892652          0.45703129         -5.84553767         -0.45392754         -0.19907479         -0.05317316
         10.58382846          6.01611782          0.46328056         -6.00474700         -0.46297499          0.36971223         -0.01682373
         10.63000696          6.59511372          0.52100538          6.59209387          0.52091755          0.19955789          0.00956623
         10.63001297          6.54629105          0.51537477          6.54321997          0.51492763         -0.20049643         -0.02146347
         10.72999550          5.79787418          0.44730518         -5.79440028         -0.44646159          0.20067494         -0.02745852
         10.72999142          5.72732516          0.44710882         -5.72385963         -0.44395956         -0.19920974         -0.05297361
         10.73000774          6.55918419          0.51986428          6.55614936          0.51981527          0.19950656          0.00713820
         10.73001335          6.50586190          0.51414507          6.50277057          0.51357445         -0.20053393         -0.02421653
         10.87309580          5.59132865          0.43227319         -5.59082525         -0.43084730          0.07502734         -0.03508160
         10.85062147          5.56727694          0.43489517         -5.56210719         -0.43138714         -0.23986699         -0.05512667
         10.82735241          5.67186734          0.43685923         -5.66803942         -0.43604651          0.20834658         -0.02663522
         10.80735487          5.63763151          0.43926899         -5.63550162         -0.43641794         -0.15495318         -0.04996620
         10.87751550          6.41071107          0.50865305          6.39863449          0.50673278         -0.39331039         -0.04415675
         10.83000845          6.51843192          0.51818048          6.51537972          0.51815959          0.19945347          0.00465195
         10.82990457          6.46068858          0.51239082          6.45758662          0.51168004         -0.20017976         -0.02697947
         10.93163592          5.53052130          0.42578152         -5.52708337         -0.42492308          0.19497495         -0.02702357
         10.92999872          5.46921887          0.42671457         -5.46556581         -0.42351031         -0.19986338         -0.05219523
         10.88536078          5.61763460          0.43047129         -5.60723316         -0.43010341          0.34169400         -0.01779294
         10.94457163          6.38591593          0.50795529          6.37884333          0.50649727         -0.30046634         -0.03845899
         10.93000908          6.47230688          0.51591275          6.46923457          0.51590844          0.19939997          0.00210835
         10.92045191          6.42662744          0.51139708          6.42523078          0.51082887         -0.13397654         -0.02410056
         11.03000075          5.39786147          0.41542267         -5.39416006         -0.41459655          0.19986421         -0.02618577
         11.03000083          5.33361434          0.41632385         -5.32985978         -0.41310381         -0.20009175         -0.05167974
         11.05860724          6.38719767          0.51053179          6.38654585          0.51043909          0.09124754         -0.00972827
         11.03186298          6.34759458          0.50624924          6.34416861          0.50514809         -0.20852263         -0.03337215
         11.02196921          6.43019129          0.51373873          6.42606496          0.51373421          0.23032399          0.00215594
         10.99194058          6.40674767          0.51115033          6.40665627          0.51083679         -0.03422182         -0.01790075
         11.17065963          5.18778502          0.40092264         -5.18672923         -0.39967946          0.10465781         -0.03154828
         11.14929398          5.16096079          0.40385897         -5.15565440         -0.40033869         -0.23397440         -0.05320716
         11.12498064          5.26841524          0.40538672         -5.26416296         -0.40461830          0.21163065         -0.02494844
         11.10484734          5.23718461          0.40839873         -5.23485659         -0.40550879         -0.15613830         -0.04849894
         11.13197057          6.35589220          0.50868934          6.35299973          0.50867543          0.19172904         -0.00376264
         11.13001459          6.28188718          0.50200081          6.27867922          0.50074203         -0.20073291         -0.03552787
         11.08976134          6.41560554          0.51340661          6.40561409          0.51330056          0.35791421          0.01043426
         11.23037818          5.11829383          0.39451850         -5.11447392         -0.39370549          0.19770745         -0.02531456
         11.23000917          5.04903523          0.39524027         -5.04503321         -0.39197440         -0.20098922         -0.05070445
         11.18260477          5.21684672          0.39907445         -5.20361488         -0.39881188          0.37132448         -0.01447392
         11.23001148          6.28698423          0.50370958          6.28382884          0.50367632          0.19916278         -0.00578807
         11.23001395          6.20552067          0.49675511          6.20227281          0.49526799         -0.20074553         -0.03840903
         11.37418018          4.80441814          0.37987290         -4.79064451         -0.37502118         -0.36353649         -0.06051889
         11.33000700          4.97729472          0.38438363         -4.97331812         -0.38358244          0.19892104         -0.02480498
         11.32889578          4.90330243          0.38469924         -4.89934271         -0.38143186         -0.19701700         -0.05003235
         11.33001145          6.20677467          0.49768795          6.20357942          0.49761532          0.19913367         -0.00850215
         11.33001318          6.12030108          0.49067758          6.11700791          0.48893463         -0.20074756         -0.04132093
         11.46216530          4.77533493          0.37092788         -4.77306294         -0.36989484          0.14728832         -0.02766403
         11.43706288          4.73222256          0.37300591         -4.72697961         -0.36945221         -0.22269747         -0.05136604
         11.41643531          4.85759046          0.37559946         -4.85255833         -0.37488854          0.22104918         -0.02309841
         11.39576244          4.82440261          0.37770808         -4.82342998         -0.37520641         -0.09686982         -0.04339979
         11.45365511          5.97777498          0.47997680          5.97023249          0.47700883         -0.30019618         -0.05329446
         11.43001125          6.11712974          0.49078576          6.11388815          0.49065649          0.19911794         -0.01126404
         11.42011310          6.04610209          0.48529418          6.04403841          0.48361322         -0.15795623         -0.04035710
         11.53001407          4.68519407          0.36411103         -4.68099758         -0.36329851          0.19825516         -0.02431128
         11.53002274          4.58835045          0.36284906         -4.58390199         -0.35939709         -0.20199618         -0.04993171
         11.55534139          5.97176190          0.47935104          5.97043235          0.47890372          0.12600714         -0.02070359
         11.53144293          5.91013310          0.47460880          5.90653714          0.47221503         -0.20613666         -0.04760751
         11.51638993          6.04222454          0.48486000          6.03746982          0.48474891          0.23965723         -0.01037896
         11.48867472          6.00905329          0.48258601          6.00895975          0.48153133         -0.03352952         -0.03188787
         11.65496271          4.36409291          0.34856422         -4.35543547         -0.34424133         -0.27475219         -0.05472592
         11.63001669          4.53505671          0.35403844         -4.53072534         -0.35320621          0.19815968         -0.02426077
         11.61633680          4.46131085          0.35369356         -4.45843131         -0.35052262         -0.16026468         -0.04725489
         11.63004091          5.89768839          0.47297964          5.89433361          0.47267944          0.19889595         -0.01684887
         11.63001008          5.78682413          0.46466952          5.78334348          0.46197746         -0.20067815         -0.04994587
         11.58142809          6.01436312          0.48234048          6.00153072          0.48234042          0.39267381          0.00025563
         11.74563551          4.34753061          0.34211110         -4.34440076         -0.34108088          0.16493747         -0.02652996
         11.72998394          4.25427122          0.34047935         -4.24943736         -0.33674242         -0.20274565         -0.05030637
         11.70299774          4.44175447          0.34706515         -4.43429465         -0.34645854          0.25732037         -0.02051095
         11.68165099          4.40262796          0.34785766         -4.40262054         -0.34583151         -0.00808553         -0.03749022
         11.75931007          5.57489156          0.44775003          5.56643195          0.44336835         -0.30700361         -0.06248679
         11.73001003          5.76488345          0.46180204          5.76144334          0.46138601          0.19912756         -0.01959772
         11.72196529          5.66991955          0.45513018          5.66735852          0.45237605         -0.17039688         -0.04999393
         11.86178920          3.97765547          0.32378652         -3.96431800         -0.31835583         -0.32546251         -0.05905318
         11.83002581          4.22171080          0.33360987         -4.21707846         -0.33269442          0.19771518         -0.02469757
         11.82418538          4.09969905          0.33012600         -4.09578640         -0.32643869         -0.17907018         -0.04920319
         11.85553572          5.56015175          0.44476522          5.55844655          0.44387829          0.13769350         -0.02807434
         11.83178087          5.48503374          0.43987438          5.48112479          0.43629395         -0.20704132         -0.05600946
         11.81441855          5.65609701          0.45245788          5.65108676          0.45206938          0.23801639         -0.01874599
         11.78889601          5.61335053          0.45010909          5.61320560          0.44824304         -0.04033694         -0.04094352
         11.96125950          3.96737504          0.31865178         -3.96630972         -0.31701229          0.09193432         -0.03228262
         11.93368516          3.88288445          0.31664145         -3.87680857         -0.31225803         -0.21713349         -0.05250459
         11.92241651          4.08250705          0.32440542         -4.07632971         -0.32356267          0.22449920         -0.02336813
         11.89459283          4.02545730          0.32401221         -4.02502789         -0.32131474         -0.05879584         -0.04172227
         11.97003811          5.19131707          0.41605280          5.17948518          0.40988160         -0.35029450         -0.07139330
         11.93000845          5.45012848          0.43489950          5.44648621          0.43418090          0.19921942         -0.02499050
         11.92769541          5.32153996          0.42607634          5.31809841          0.42222548         -0.19135539         -0.05715502
         12.06207661          3.57724894          0.29856518         -3.56128115         -0.29208310         -0.33761900         -0.06187593
         12.03164405          3.88239787          0.31222397         -3.87768119         -0.31111621          0.19131592         -0.02627766
         12.02527704          3.72443559          0.30629994         -3.71998561         -0.30201718         -0.18200959         -0.05104190
         11.98857495          4.02970978          0.31948201         -4.01372224         -0.31913252          0.35860099         -0.01493960
         12.06338254          5.16551982          0.41101448          5.16455198          0.40939213          0.09998952         -0.03648272
         12.03626865          5.09829296          0.40736123          5.09347148          0.40257761         -0.22167403         -0.06224503
         12.02236531          5.28974179          0.42087339          5.28504231          0.42010447          0.22292599         -0.02542922
         11.99671587          5.23229840          0.41797766          5.23163005          0.41498278         -0.08362783         -0.04994611
         12.16718591          3.57478174          0.29464912         -3.57439799         -0.29233577          0.05237859         -0.03684970
         12.13567312          3.47892336          0.29146837         -3.47151549         -0.28616006         -0.22690955         -0.05537351
         12.12687472          3.72286052          0.30210908         -3.71692085         -0.30100216          0.21021376         -0.02583781
         12.10051924          3.63917955          0.29988185         -3.63848781         -0.29657732         -0.07095233         -0.04439615
         12.16550763          4.77457048          0.38057879          4.76368395          0.37348000         -0.32223990         -0.07316354
         12.13097152          5.05497881          0.40059672          5.05118077          0.39945397          0.19591748         -0.03023669
         12.12490146          4.92044305          0.39191327          4.91706687          0.38714782         -0.18224493         -0.06093093
         12.08556340          5.22369270          0.41408860          5.21080883          0.41380601          0.36665619         -0.01529581
         12.25623411          3.15957677          0.27279968         -3.14268135         -0.26519654         -0.32631160         -0.06395669
         12.23658411          3.49885500          0.28871897         -3.49461860         -0.28720111          0.17212537         -0.02956625
         12.22346669          3.32720426          0.28163227         -3.32284167         -0.27664796         -0.17032729         -0.05275073
         12.19991820          3.64897388          0.29635312         -3.63499938         -0.29572978          0.31904526         -0.01921113
         12.25690607          4.74278380          0.37379446          4.74063094          0.37193013          0.14288648         -0.03728642
         12.23279092          4.64890950          0.36882594          4.64415147          0.36299912         -0.21027764         -0.06530099
         12.21413264          4.88417950          0.38533082          4.87858032          0.38423504          0.23380217         -0.02903917
         12.19036530          4.82409135          0.38268736          4.82377123          0.37913871         -0.05557323         -0.05199471
         12.37740445          2.82031836          0.25285634         -2.79287289         -0.24275061         -0.39250055         -0.07077055
         12.36581947          3.16817524          0.26977619         -3.16775800         -0.26685299          0.05141603         -0.03960645
         12.33425168          3.04338492          0.26480808         -3.03530053         -0.25836433         -0.22168100         -0.05806197
         12.32670781          3.34269736          0.27872745         -3.33599704         -0.27731811          0.21154053         -0.02799395
         12.29915280          3.24046906          0.27530279         -3.23992009         -0.27138651         -0.05964494         -0.04627077
         12.37449476          4.38359235          0.34344829          4.38344828          0.34006456          0.03553995         -0.04809179
         12.34978501          4.31623356          0.34049373          4.30924102          0.33320994         -0.24558910         -0.07005082
         12.32902024          4.58062184          0.35889584          4.57611375          0.35729826          0.20317333         -0.03382569
         12.30833757          4.47810931          0.35355046          4.47559885          0.34811155         -0.14992644         -0.06177598
         12.44443789          2.71582280          0.24564789         -2.69973494         -0.23682455         -0.29516898         -0.06524583
         12.43712030          3.08221082          0.26322948         -3.07762864         -0.26120679          0.16800441         -0.03256954
         12.41959146          2.90845133          0.25577795         -2.90548659         -0.25017256         -0.13128886         -0.05325456
         12.40247041          3.25999292          0.27249508         -3.24443789         -0.27163705          0.31808270         -0.02160752
         12.46131322          3.94455021          0.30885922          3.93365229          0.29955459         -0.29301191         -0.07524003
         12.43702213          4.26437308          0.33124524          4.26060638          0.32909924          0.17919537         -0.03764438
         12.42093818          4.13508968          0.32399239          4.13146480          0.31734168         -0.17310480         -0.06530947
         12.39522938          4.45163091          0.34643499          4.44136116          0.34537022          0.30220662         -0.02714060
         12.55846841          2.35398109          0.22415698         -2.32937260         -0.21268473         -0.33948526         -0.07079234
         12.55652518          2.73812081          0.24308454         -2.73695163         -0.23964086          0.08000840         -0.04077191
         12.52629586          2.58747903          0.23673621         -2.58102550         -0.22929017         -0.18263379         -0.05890714
         12.52282598          2.93242056          0.25327373         -2.92329816         -0.25155512          0.23112379         -0.02945520
         12.48985852          2.82358655          0.24960784         -2.82343758         -0.24507980         -0.02900449         -0.04732825
         12.56521466          3.55159557          0.27512307          3.53754458          0.26382451         -0.31560963         -0.07803417
         12.54942917          3.89480413          0.29870588          3.89139772          0.29593216          0.16285891         -0.04061233
         12.52490221          3.77883052          0.29309092          3.77434848          0.28522634         -0.18399362         -0.06744052
         12.50580256          4.08796494          0.31477288          4.08056246          0.31299217          0.24590100         -0.03343448
         12.48461874          4.01453589          0.31178682          4.01444945          0.30695752         -0.02634525         -0.05466351
         12.66534260          1.97351636          0.20110562         -1.94062214         -0.18674107         -0.35882108         -0.07464077
         12.67200403          2.37403729          0.22115306         -2.37388894         -0.21613829          0.02653992         -0.04682860
         12.63362127          2.22803015          0.21512228         -2.21695156         -0.20539150         -0.22191018         -0.06396818
         12.63234570          2.62351741          0.23453095         -2.61674794         -0.23200254          0.18834501         -0.03434508
         12.60533737          2.47135800          0.22843549         -2.47028496         -0.22228515         -0.07281859         -0.05265057
         12.59540861          2.85655609          0.24714993         -2.83544161         -0.24613510          0.34667507         -0.02237416
         12.66331662          3.13051426          0.23872087          3.11544904          0.22557909         -0.30675206         -0.07811356
         12.65463160          3.49775921          0.26357953          3.49443194          0.26009410          0.15252839         -0.04272272
         12.62498751          3.38723398          0.25901516          3.38214114          0.24977465         -0.18567544         -0.06856733
         12.61104609          3.71896108          0.28200366          3.71146426          0.27973918          0.23601814         -0.03566593
         12.58860830          3.63148334          0.27842251          3.63115351          0.27237932         -0.04894297         -0.05769400
         12.76456290          1.55972481          0.17538166         -1.51865703         -0.15766386         -0.35555913         -0.07681688
         12.77858662          1.99412841          0.19744365         -1.99412284         -0.19083918          0.00471585         -0.05063991
         12.73557925          1.83766945          0.19109758         -1.82193288         -0.17874782         -0.23997831         -0.06758330
         12.74120591          2.26240755          0.21226138         -2.25786167         -0.20852833          0.14334788         -0.03963367
         12.71191995          2.10923639          0.20610125         -2.10722228         -0.19827170         -0.09215442         -0.05626776
         12.77806221          2.41701058          0.18069243          2.38532195          0.15946522         -0.39010171         -0.08497409
         12.71148026          2.50337960          0.22544392         -2.48614949         -0.22368072          0.29320659         -0.02814059
         12.75611893          2.67089228          0.19914478          2.65706238          0.18406544         -0.27144994         -0.07601682
         12.75295407          3.07157597          0.22571450          3.06766536          0.22147299          0.15494573         -0.04355168
         12.71781436          2.97209941          0.22284546          2.96724951          0.21218338         -0.16972110         -0.06810516
         12.70955986          3.33087472          0.24728609          3.32228064          0.24456613          0.23911864         -0.03657626
         12.68719512          3.23049898          0.24310580          3.23025027          0.23608380         -0.04008539         -0.05800751
         12.87473532          0.83602707          0.13036908         -0.74285880         -0.10147109         -0.38353888         -0.08185178
         12.85547821          1.09144333          0.14549580         -1.04164420         -0.12349078         -0.32592316         -0.07693538
         12.87664669          1.58125319          0.17054314         -1.58121119         -0.16234027          0.01152488         -0.05225513
         12.83217135          1.42397947          0.16463142         -1.40734765         -0.14985107         -0.21700255         -0.06817743
         12.87650056          1.60064044          0.12042967          1.55386022          0.08557574         -0.38414612         -0.08473546
         12.84510209          1.85844803          0.18642583         -1.85460762         -0.18128528          0.11941374         -0.04347684
         12.80998002          1.72974180          0.18195641         -1.72745617         -0.17240159         -0.08889246         -0.05818786
         12.86195495          1.87189047          0.13684213          1.84549989          0.11133897         -0.31321570         -0.07955753
         12.87082840          2.33668132          0.16396751          2.33605660          0.15539631          0.05402910         -0.05231954
         12.81684889          2.14586654          0.20252447         -2.12883982         -0.20001882          0.26978553         -0.03175898
         12.83619218          2.22342396          0.16122623          2.21298828          0.14413782         -0.21516729         -0.07223702
         12.84249163          2.63088999          0.18647549          2.62500048          0.18151259          0.17593925         -0.04273512
         12.80418031          2.54200584          0.18534715          2.53899563          0.17348710         -0.12367266         -0.06523644
         12.80280812          2.92044006          0.21026745          2.90877192          0.20719073          0.26079889         -0.03583855
         12.78101915          2.80501017          0.20541397          2.80500480          0.19757904         -0.00548826         -0.05619095
         12.94542905          0.35054432          0.09728181         -0.20829221         -0.06046806         -0.28194978         -0.07620606
         12.95222381          0.35891511          0.08295661          0.19838577         -0.02825278         -0.29910390         -0.07799730
         12.93280332          0.65073202          0.11620157         -0.60671447         -0.09108230         -0.23526520         -0.07215829
         12.95179263          0.67229584          0.07791648          0.60638837          0.00504857         -0.29030130         -0.07775275
         12.96681472          1.09320895          0.13719448         -1.09217627         -0.12714730          0.04750582         -0.05153533
         12.92303364          0.99144186          0.13547418         -0.98151149         -0.11905344         -0.13997200         -0.06464931
         12.94483716          1.04267039          0.08482658          1.01142351          0.03904523         -0.25334567         -0.07530616
         12.97243624          1.51659471          0.09894341          1.51606795          0.08284539          0.03996862         -0.05409657
         12.94051130          1.43656817          0.15765287         -1.42943191         -0.15148061          0.14301231         -0.04368126
         12.90014805          1.31602327          0.15470241         -1.31454453         -0.14330304         -0.06236942         -0.05828444
         12.92978755          1.41530017          0.10189994          1.40092453          0.07252580         -0.20120893         -0.07157937
         12.95482033          1.84073822          0.12031514          1.83539683          0.11102007          0.14012737         -0.04637107
         12.91496954          1.76997142          0.17709818         -1.74826136         -0.17397228          0.27637121         -0.03312720
         12.90851729          1.77742186          0.12433074          1.77251867          0.10508490         -0.13193191         -0.06644769
         12.92093417          2.19598289          0.14777454          2.18536502          0.14216253          0.21568629         -0.04033768
         12.88433977          2.05146214          0.19401952         -2.01503663         -0.19246958          0.38486919         -0.02447523
         12.89009519          2.06997111          0.14458662          2.06938993          0.13144531         -0.04904777         -0.06022809
         12.89347593          2.49528353          0.17118343          2.47458969          0.16815567          0.32069577         -0.03205370
         13.05670714          0.22608557          0.05678676          0.20226353         -0.02732336          0.10101560         -0.04978123
         13.05327254          0.23416634          0.07728016         -0.20711245         -0.05986629          0.10926256         -0.04886974
         13.00359562          0.20613907          0.08578241         -0.18853081         -0.05870793         -0.08336335         -0.06254599
         13.00670769          0.22444836          0.06981301          0.20136813         -0.02774719         -0.09913598         -0.06406208
         13.05294369          0.62305044          0.04849739          0.61037575          0.00608127          0.12503318         -0.04811460
         13.04181835          0.62987779          0.10183863         -0.61213657         -0.09111670          0.14844137         -0.04548465
         12.99389900          0.55972244          0.10555913         -0.55772095         -0.08722744         -0.04729226         -0.05944833
         13.00325764          0.59897173          0.06384726          0.59200774          0.00414692         -0.09107122         -0.06371244
         13.04243882          1.02770426          0.05932855          1.01180443          0.03983718          0.18007730         -0.04396448
         13.02587131          1.01266656          0.12565791         -0.98808537         -0.11929572          0.22176762         -0.03947711
         12.98309987          0.82557183          0.12138232         -0.82550960         -0.10751365         -0.01013576         -0.05634256
         12.99426059          0.97108189          0.07110058          0.96930890          0.03575523         -0.05865414         -0.06145613
         13.01852425          1.40465812          0.08295765          1.38784340          0.07209979          0.21669133         -0.04103160
         13.00328207          1.37603331          0.14847413         -1.33973557         -0.14498439          0.31396862         -0.03200145
         12.98456914          1.24955760          0.08363477          1.24940128          0.05964942         -0.01976435         -0.05862356
         12.99758958          1.76372377          0.10814586          1.73687634          0.10265210          0.30656505         -0.03403047
         12.98119904          1.65345221          0.16600915         -1.60541008         -0.16405017          0.39568002         -0.02542793
         12.98045330          2.04199377          0.12905645          2.00294179          0.12621261          0.39744528         -0.02694338
         13.10253285          0.35995665          0.04452847          0.19750754         -0.02728024          0.30093115         -0.03519337
         13.10180677          0.36311223          0.06771252         -0.19170594         -0.05828161          0.30838178         -0.03447084
         13.09685389          0.66603955          0.03388528          0.58283785          0.00424559          0.32234876         -0.03361825
         13.09420814          0.66220650          0.09291277         -0.56679184         -0.08736223          0.34243899         -0.03163262
         13.08786939          0.97320102          0.04356011          0.90323929          0.03105065          0.36232444         -0.03055062
         13.08453456          0.92412662          0.11188726         -0.84136514         -0.10822870          0.38224954         -0.02837794
