0.0008252889636500852
0.009570323702358509
0.020321789657860707
0.033126392853131216
0.04666332578836777
0.062256717270249375
0.07024721456494953
0.0830663810049633
0.09264344977679584
0.10390897664681499
0.10553565267663786
0.1216744638966159
0.122299832622762
0.12693231392079948
0.1404196790483329
0.15614548542711676
0.15828616283951413
0.15876167837263483
0.17846779109279126
0.192680569061345
0.17866995055938548
0.19993102983656322
0.1810819608414828
0.17863227376650662
0.173648446037669
0.22591213192387194
0.2215071038335112
0.18898182296478347
0.2291787780699261
0.24728499470772863
