0.0003554294679811412
0.009981260995258437
0.02107120337119936
0.036143820768686157
0.050409684978704294
0.06788944282296726
0.07738425666494157
0.08842482233710897
0.10252977445064732
0.1125611152909578
0.1174543889622475
0.12899947402371428
0.13243165280811722
0.1319763049024012
0.1506664860735751
0.16939589158027582
0.17706849647965625
0.18038262315986978
0.17075491703519177
0.1829034604082654
0.19133132801138247
0.1997994029376913
0.1838388962361873
0.17434769631467575
0.15105549834222454
0.2353006788614359
0.24690435748127623
0.15247561698191361
0.26014317309769763
0.19784613859497047
